A_id,B_id,label
402,1389,1
2917,11,0
802,2749,0
3324,3834,0
4407,3834,0
2118,3846,0
4406,2745,0
1010,1290,1
1881,612,1
878,464,1
1745,2745,0
703,2745,0
4370,3627,0
1019,1068,1
3842,3922,0
677,608,0
1159,3181,0
4568,3795,0
1470,2745,0
1156,3383,0
2202,715,0
603,2411,0
319,3383,0
2292,1937,0
4485,3181,0
4243,2100,0
3547,3790,0
2335,3834,0
1964,2839,1
1261,2898,1
1398,1810,1
3742,3383,0
1870,11,0
3414,42,0
1215,3395,1
4521,3301,1
1131,822,0
4040,1744,0
914,1295,0
3560,3834,0
435,651,0
2962,3203,0
1793,2665,1
2644,3261,1
2707,3383,0
1581,3846,0
3979,3203,0
866,3645,0
865,1260,1
935,55,1
1928,1954,0
3736,3627,0
2144,984,0
105,425,0
1394,249,0
246,3834,0
316,2745,0
1282,3627,0
4201,502,0
3582,3627,0
3147,1954,0
1650,1148,0
3418,2197,0
4585,3690,0
2368,3685,0
3398,3181,0
2302,3834,0
812,2753,0
4641,3275,1
1972,11,0
4066,832,0
3118,2188,0
1654,2745,0
2139,11,0
1173,3834,0
3964,3834,0
2173,11,0
3650,3809,1
4547,3383,0
915,3592,0
842,30,0
4672,1025,0
989,3383,0
4083,3834,0
4648,840,0
1646,298,0
1741,1662,1
4427,249,0
1759,520,0
2526,1861,1
2737,1745,1
3824,3181,0
214,3203,0
4592,2835,0
1262,2745,0
292,1544,1
4929,3181,0
4662,2094,1
3587,1046,1
1553,3834,0
3131,3846,0
537,3725,0
2507,3203,0
792,3383,0
3714,3789,0
2770,2149,1
2929,3383,0
2207,3627,0
55,3790,0
4460,2745,0
2828,527,0
2995,2212,1
1119,430,0
1162,3374,0
1809,3203,0
2575,3834,0
3137,3627,0
2515,2036,1
3607,2692,1
854,3203,0
3268,3203,0
4492,1937,0
4157,3627,0
1008,253,1
4122,2197,0
1190,1954,0
4147,2928,1
4605,2100,0
4315,1937,0
100,3834,0
3719,2745,0
4019,2745,0
3941,3627,0
2276,1634,1
2810,882,0
3245,3615,0
2347,1542,0
2808,2745,0
363,399,1
693,3627,0
1885,3383,0
203,3627,0
2629,2519,0
2495,3203,0
179,330,0
2832,1651,1
4904,3627,0
2714,3042,0
927,1471,1
2929,1937,0
4561,1954,0
3567,3181,0
4629,11,0
4790,1954,0
4793,3846,0
3557,3742,1
3503,3985,0
548,284,1
908,804,1
1361,687,0
4872,913,0
3009,2593,0
905,3846,0
1960,839,1
1852,2750,1
4814,3627,0
3424,1673,1
4727,2765,0
3724,3342,1
2673,3627,0
1097,381,0
2543,2089,1
3783,3383,0
208,3627,0
3394,3643,1
1431,1807,1
3267,3584,1
3328,3834,0
3067,1954,0
803,2642,1
2208,1987,0
2111,3343,1
3856,3834,0
2304,364,0
2330,3627,0
1166,1650,1
4128,11,0
2425,2099,1
4937,1937,0
1453,3181,0
4021,11,0
2632,2745,0
4370,11,0
2789,822,0
4231,11,0
421,3383,0
2522,2920,1
1365,2197,0
20,3834,0
4834,3996,1
4177,3860,0
466,666,1
4648,3685,0
1688,3834,0
3795,3181,0
193,3383,0
845,806,1
1340,2628,1
1513,1954,0
2194,3368,1
273,3834,0
3878,1606,0
3789,198,0
1423,764,1
1770,1721,1
3850,3064,0
3567,3846,0
3741,2745,0
3812,1937,0
1497,810,0
3499,3159,0
3209,3834,0
632,735,0
4398,47,0
1651,1106,0
3302,2197,0
3789,3098,0
3564,2745,0
4792,3627,0
1835,3834,0
2598,568,1
1967,2951,0
560,3627,0
3201,3585,1
4910,3846,0
4663,3627,0
3435,198,0
180,3620,0
2587,3181,0
2214,605,1
4386,2197,0
2342,2745,0
1915,2197,0
3173,3115,1
3805,11,0
1803,1582,1
1751,376,0
3842,2073,0
1482,3085,1
2850,2433,0
303,3834,0
4455,2745,0
1987,3181,0
1269,2745,0
1650,2605,0
961,3498,0
3715,3383,0
3185,3203,0
4437,2302,1
1336,3627,0
4205,2197,0
1365,11,0
1398,3383,0
4663,3834,0
3567,2745,0
157,1954,0
198,3585,0
1698,3203,0
871,3255,0
1807,2745,0
3415,2197,0
4017,113,0
893,3834,0
4937,3203,0
2088,3957,1
2850,2049,1
1000,3627,0
4493,3834,0
1286,1975,1
1536,3627,0
4175,3846,0
3301,4,0
2716,1606,0
3980,11,0
4035,3656,0
2899,2063,1
2498,3627,0
799,444,0
4231,1954,0
3158,2197,0
4793,3203,0
2546,2224,0
2997,3846,0
2329,3129,0
3157,1894,0
2483,3834,0
1101,3580,0
4566,2745,0
4842,3752,1
4430,2247,0
941,2183,1
3795,3770,0
1363,1719,1
2611,2877,0
1193,1597,1
3977,11,0
2407,1249,0
919,745,1
4636,2432,0
1745,1937,0
3344,966,0
2550,3834,0
4537,1347,0
3457,2745,0
2235,3181,0
716,2745,0
2752,3627,0
1815,375,1
1904,3383,0
4288,3393,1
1468,3627,0
1785,3073,1
592,3627,0
3789,2355,0
3079,1189,0
935,3383,0
2718,3383,0
4343,3627,0
3683,3770,0
4932,3098,0
2282,3627,0
301,56,0
3079,1209,0
3179,3627,0
704,70,1
2233,2044,1
4315,3800,0
1336,2197,0
2153,1241,0
404,331,1
1012,1726,1
1304,1311,0
22,3627,0
4840,832,0
1722,1954,0
2854,1954,0
858,276,1
3072,3585,0
637,3383,0
2370,282,0
1650,533,0
4932,3800,0
1034,2407,1
4287,3846,0
3216,3181,0
3755,2212,0
3422,2745,0
904,2131,1
1232,3181,0
3415,3846,0
3167,3900,1
4013,1954,0
3183,894,0
1602,3285,0
3415,1954,0
280,1954,0
427,66,1
4879,1952,0
3516,2801,0
2649,1148,0
214,453,1
3143,3181,0
1682,3284,1
153,280,1
4765,3383,0
2626,2745,0
4294,3092,0
405,3789,0
769,1091,0
324,3627,0
3913,3181,0
3293,1954,0
1743,3627,0
3127,3846,0
4946,3834,0
157,2197,0
2565,3126,1
23,3627,0
3816,3181,0
1025,3383,0
2582,3203,0
2267,2039,1
2713,1035,1
93,2913,0
1194,3627,0
1136,11,0
4396,753,1
3285,3203,0
3089,374,0
2184,3834,0
