id1,id2,matching_probability
0,0,1.0
1,179,1.0
10,29,1.0
100,645,1.0
1000,1152,1.0
1002,3069,1.0
1003,1829,1.0
1005,655,1.0
1006,1456,1.0
1007,1433,1.0
1008,457,1.0
1009,1203,1.0
101,23,0.9
1011,814,1.0
1012,1064,1.0
1013,1764,0.9
1014,474,1.0
1015,2477,1.0
1017,1628,1.0
102,36,1.0
1020,526,1.0
1021,294,1.0
1022,1869,1.0
1023,101,1.0
1024,233,1.0
1025,804,1.0
1027,2227,1.0
1028,2273,1.0
103,258,1.0
1030,656,1.0
1031,1567,1.0
1033,2540,1.0
1035,2713,1.0
1036,618,1.0
1037,1054,1.0
1038,550,1.0
1039,2491,1.0
104,528,1.0
1040,486,1.0
1041,1155,1.0
1042,121,0.8
1044,1630,1.0
1046,3587,1.0
1048,1840,1.0
1049,2586,1.0
105,777,1.0
1050,1750,1.0
1051,2672,1.0
1054,2218,1.0
1055,1406,1.0
1056,1453,1.0
1057,836,1.0
1059,2793,1.0
106,685,1.0
1060,2356,1.0
1061,1947,1.0
1062,109,1.0
1063,3739,1.0
1064,2764,1.0
1065,430,1.0
1066,2746,1.0
1067,666,1.0
1068,1019,1.0
1069,778,1.0
107,565,1.0
1070,870,1.0
1071,112,1.0
1072,1387,1.0
1074,641,1.0
1075,1181,1.0
1076,321,1.0
1077,889,1.0
1078,989,1.0
1079,1355,1.0
108,131,1.0
1081,1196,1.0
1082,1833,1.0
1084,2199,1.0
1086,379,1.0
1087,2481,0.9
1088,1217,1.0
1089,378,1.0
109,485,1.0
1090,921,1.0
1091,2467,1.0
1092,2891,0.8
1093,1858,0.9
1094,1025,1.0
1095,2300,1.0
1096,1739,1.0
1097,1645,1.0
1098,3720,0.9
1099,801,1.0
11,28,1.0
110,64,1.0
1100,515,1.0
1101,613,1.0
1102,1234,1.0
1103,1775,1.0
1104,3479,1.0
1105,1746,1.0
1106,697,1.0
1107,2253,1.0
1108,847,1.0
1109,4763,0.625
111,374,1.0
1111,216,0.9
1112,1244,1.0
1113,603,1.0
1114,3575,1.0
1115,290,1.0
1118,2723,0.9
1119,986,1.0
112,2275,1.0
1120,242,1.0
1122,3622,1.0
1123,1757,1.0
1125,573,1.0
1126,1335,1.0
1127,3473,0.95
1128,417,1.0
1129,1122,1.0
113,819,1.0
1130,686,1.0
1132,727,1.0
1133,478,1.0
1134,605,1.0
1135,3248,1.0
1136,1965,1.0
1137,785,1.0
1138,73,1.0
1139,1491,1.0
114,96,1.0
1140,2148,1.0
1142,2180,1.0
1143,4279,1.0
1144,954,1.0
1145,4986,1.0
1149,453,1.0
115,3422,1.0
1150,1165,1.0
1152,897,1.0
1153,2966,1.0
1154,3025,1.0
1155,1277,1.0
1156,1310,1.0
1157,1280,1.0
1158,2142,1.0
1159,4491,0.9
116,42,1.0
1161,2738,1.0
1162,909,1.0
1163,876,1.0
1165,19,1.0
1166,683,1.0
1167,1115,1.0
1169,1442,1.0
117,87,1.0
1170,4223,0.9
1172,1018,1.0
1176,4148,0.9
1177,2795,1.0
1179,813,1.0
118,501,1.0
1180,972,1.0
1181,177,1.0
1182,1113,1.0
1183,2219,1.0
1184,1987,1.0
1185,520,1.0
1186,821,1.0
1187,734,1.0
1189,1670,1.0
119,432,1.0
1191,2014,1.0
1192,948,1.0
1193,664,1.0
1194,624,1.0
1195,1366,0.9
1197,1655,1.0
1199,1909,1.0
12,13,1.0
120,386,1.0
1200,2958,1.0
1202,2124,1.0
1203,3564,1.0
1204,156,1.0
1205,1270,1.0
1206,3272,1.0
1207,4990,1.0
1208,1242,1.0
1209,1039,1.0
121,274,1.0
1210,2038,1.0
1211,2078,1.0
1212,3143,1.0
1213,2480,1.0
1214,1324,1.0
1215,1536,1.0
1217,976,1.0
1218,2360,1.0
122,263,1.0
1220,1903,1.0
1221,1126,1.0
1223,818,1.0
1224,1265,1.0
1225,2015,1.0
1227,1068,1.0
1229,2363,1.0
123,234,1.0
1230,360,1.0
1231,563,1.0
1232,1374,1.0
1233,367,1.0
1234,1383,1.0
1235,107,1.0
1236,3334,1.0
1237,856,1.0
1238,2342,1.0
1239,2133,1.0
124,180,1.0
1240,2754,1.0
1241,1359,1.0
1243,1588,1.0
1244,1777,1.0
1245,4071,1.0
1247,2818,1.0
1248,604,1.0
1249,2407,0.833333333333
125,141,1.0
1251,2661,1.0
1252,1436,1.0
1253,3633,1.0
1254,839,1.0
1255,728,1.0
1256,1899,1.0
1257,1887,1.0
1258,601,1.0
1259,1449,1.0
126,226,1.0
1260,865,1.0
1261,794,1.0
1262,1272,1.0
1263,884,0.9
1264,1081,1.0
1266,244,1.0
1267,2856,1.0
1268,938,1.0
1269,572,1.0
127,135,1.0
1270,1490,1.0
1273,2845,1.0
1274,1702,0.9
1275,2729,1.0
1277,312,1.0
1278,342,1.0
1279,1546,1.0
128,492,1.0
1280,1788,1.0
1281,1382,1.0
1282,1897,1.0
1283,1339,1.0
1285,1410,1.0
1286,1675,1.0
1288,1130,1.0
1289,733,1.0
129,99,1.0
1290,1010,1.0
1292,2189,1.0
1293,2221,1.0
1294,1532,1.0
1295,1882,1.0
1296,3530,1.0
1298,1918,1.0
1299,827,1.0
13,16,0.9
130,66,1.0
1300,1651,1.0
1301,1820,1.0
1302,1789,1.0
1303,1729,1.0
1304,1813,1.0
1305,1583,1.0
1305,3231,0.6
1306,3061,1.0
1308,1194,1.0
1309,415,1.0
131,934,1.0
1310,443,1.0
1311,1056,1.0
1312,2983,1.0
1313,2433,1.0
1314,481,1.0
1316,762,1.0
1317,2640,1.0
1318,1051,1.0
1319,1248,1.0
132,174,1.0
1320,1569,1.0
1322,1238,1.0
1324,1128,1.0
1325,932,1.0
1326,410,1.0
1327,1078,1.0
1329,1861,1.0
133,916,1.0
1331,2338,1.0
1333,2162,1.0
1334,1344,1.0
1335,1319,1.0
1336,1396,1.0
1337,3264,1.0
1338,387,1.0
1339,1124,0.9
134,995,1.0
1340,1970,1.0
1342,2563,1.0
1343,2017,1.0
1344,2785,1.0
1345,2280,1.0
1346,269,1.0
1347,4537,0.65
1348,1573,1.0
1349,1912,1.0
135,86,1.0
1350,1168,1.0
1351,611,1.0
1352,1096,1.0
1354,651,1.0
1355,1581,0.7
1356,575,1.0
1357,1737,1.0
1358,1386,1.0
1359,829,1.0
136,1666,1.0
1360,594,1.0
1361,1347,1.0
1362,2040,1.0
1363,1117,0.9
1364,1264,1.0
1365,958,0.9
1366,2036,1.0
1367,1997,1.0
1369,1873,1.0
137,2411,0.9
1370,822,1.0
1371,2471,1.0
1373,3210,1.0
1374,1200,1.0
1375,1007,1.0
1376,1908,1.0
1379,232,1.0
138,929,1.0
1380,279,1.0
1381,700,1.0
1382,2286,1.0
1383,2745,1.0
1384,2000,1.0
1385,1951,1.0
1386,4723,1.0
1387,758,1.0
1388,1610,1.0
1389,402,1.0
139,491,1.0
1390,970,1.0
1391,3284,1.0
1392,533,1.0
1393,1620,1.0
1394,949,1.0
1395,1526,1.0
1397,1917,1.0
1398,1291,1.0
1399,1460,1.0
14,4,1.0
140,504,1.0
1400,1642,1.0
1401,243,1.0
1402,993,1.0
1404,1100,1.0
1405,1101,0.9
1407,915,1.0
1408,1878,1.0
1409,542,1.0
141,102,1.0
1410,705,1.0
1411,1602,1.0
1412,708,0.9
1413,1345,1.0
1414,2076,0.7
1416,2188,1.0
1417,2950,1.0
1418,724,1.0
1419,1175,1.0
142,38,1.0
1421,1838,0.8
1423,3104,0.8
1426,2394,1.0
1427,315,1.0
1428,1593,1.0
1429,97,1.0
143,1171,1.0
1430,1334,1.0
1431,1159,1.0
1432,3036,0.9
1433,2171,1.0
1434,1621,1.0
1435,3306,1.0
1436,1580,1.0
1438,3108,1.0
1439,4173,1.0
144,2141,1.0
1440,1145,1.0
1441,1856,1.0
1442,3235,1.0
1443,2277,1.0
1444,444,1.0
1446,3553,1.0
1447,1391,1.0
1448,1809,1.0
1449,1672,1.0
145,789,1.0
1450,1184,1.0
1452,786,1.0
1453,488,1.0
1454,4743,1.0
1455,2246,1.0
1456,391,1.0
1457,2341,1.0
1458,1321,1.0
146,644,1.0
1460,981,1.0
1461,850,1.0
1462,1747,1.0
1464,2689,1.0
1465,587,1.0
1466,1866,1.0
1467,1543,1.0
1468,895,1.0
1469,933,1.0
147,781,1.0
1470,372,1.0
1471,927,1.0
1472,1841,1.0
1473,1357,1.0
1474,3946,1.0
1475,461,1.0
1476,4946,1.0
1477,1625,1.0
1478,1144,1.0
1479,2353,1.0
148,9,1.0
1480,2399,1.0
1481,1920,1.0
1482,1516,1.0
1483,1438,1.0
1484,1314,1.0
1485,826,1.0
1486,2878,1.0
1487,3511,1.0
1488,1538,1.0
149,55,1.0
1490,620,1.0
1492,1478,0.9
1493,3500,1.0
1494,1210,1.0
1496,1677,1.0
1497,1390,1.0
1498,1419,1.0
1499,2879,1.0
15,1,1.0
150,562,1.0
1500,1089,1.0
1501,1555,1.0
1502,1048,1.0
1503,4973,1.0
1505,2512,1.0
1506,2414,1.0
1508,364,1.0
1509,1353,1.0
151,1129,1.0
1511,1674,1.0
1512,1779,1.0
1513,419,1.0
1514,1550,1.0
1515,1657,1.0
1516,784,1.0
1517,739,1.0
1518,1928,1.0
152,128,1.0
1520,2554,1.0
1521,2582,1.0
1522,780,1.0
1523,567,1.0
1524,475,1.0
1526,799,1.0
1528,2331,1.0
153,1142,1.0
1530,2970,1.0
1531,1052,0.9
1532,2249,1.0
1533,4186,1.0
1534,1447,1.0
1535,2631,1.0
1536,3841,1.0
1538,1148,1.0
1539,2093,1.0
154,33,1.0
1540,1393,1.0
1541,1693,1.0
1542,1993,1.0
1543,1044,1.0
1544,292,1.0
1545,2530,1.0
1546,479,1.0
1547,3208,1.0
1549,3961,1.0
155,597,1.0
1550,2033,1.0
1552,2549,1.0
1553,2164,1.0
1554,1575,1.0
1555,2130,0.7
1556,305,1.0
1559,1762,1.0
156,132,1.0
1560,1030,1.0
1561,3486,1.0
1562,1812,1.0
1563,1230,1.0
1564,1206,1.0
1565,2727,1.0
1567,875,1.0
1568,3233,1.0
1569,2873,1.0
157,268,1.0
1570,1981,1.0
1571,4002,0.733333333333
1572,3487,0.9
1573,747,1.0
1575,2446,1.0
1576,4844,1.0
1577,2329,1.0
158,111,1.0
1580,1512,1.0
1581,2113,1.0
1582,1803,1.0
1583,2827,1.0
1584,4397,1.0
1585,1257,1.0
1586,1227,1.0
1588,2847,1.0
1589,1415,1.0
159,146,0.8
1592,1235,1.0
1594,639,1.0
1595,1525,1.0
1597,1193,1.0
1598,2813,1.0
1599,1070,1.0
16,6,1.0
160,1059,1.0
1600,2447,1.0
1601,2419,0.8
1602,3071,1.0
1603,4631,0.725
1604,2545,1.0
1605,1594,1.0
1606,2485,1.0
1607,1492,1.0
1608,2571,1.0
161,119,1.0
1610,2427,1.0
1611,2801,1.0
1612,2049,1.0
1613,925,1.0
1615,1697,1.0
1617,2731,1.0
1618,2680,1.0
1619,2773,1.0
162,270,1.0
1620,1109,1.0
1621,2019,1.0
1622,2868,1.0
1623,714,1.0
1624,2889,1.0
1625,4096,1.0
1626,3489,1.0
1627,559,1.0
1628,3797,1.0
1629,2961,1.0
163,43,1.0
1630,2333,1.0
1631,3773,1.0
1633,2262,1.0
1634,2276,1.0
1635,1271,1.0
1636,967,1.0
1637,2073,1.0
1638,161,1.0
1639,3288,1.0
164,77,1.0
1641,922,1.0
1642,1458,1.0
1644,1143,1.0
1645,1792,1.0
1646,1218,1.0
1647,1698,1.0
1648,869,1.0
1649,3412,1.0
165,196,1.0
1650,1166,1.0
1651,2832,1.0
1652,2765,1.0
1653,2095,1.0
1654,2811,1.0
1655,1730,1.0
1656,273,1.0
1658,996,1.0
1659,795,0.9
166,691,1.0
1660,1006,1.0
1661,2719,1.0
1662,1741,1.0
1664,1533,1.0
1665,3094,1.0
1666,1150,1.0
1667,2081,1.0
1668,3177,1.0
167,262,1.0
1670,2611,1.0
1672,2517,1.0
1673,3424,1.0
1674,2638,1.0
1675,581,1.0
1678,1087,1.0
1679,2390,1.0
168,393,1.0
1680,3368,0.9
1681,1601,1.0
1682,3528,1.0
1683,1688,0.875
1684,2166,1.0
1685,937,1.0
1686,1473,1.0
1688,344,1.0
1689,4523,1.0
169,1656,1.0
1690,703,1.0
1691,846,1.0
1692,3304,1.0
1693,1434,1.0
1694,1132,1.0
1695,1331,1.0
1696,2301,1.0
1697,898,1.0
1698,1880,1.0
1699,1372,1.0
17,12,1.0
170,772,1.0
1700,2596,1.0
1702,3205,1.0
1703,1169,1.0
1704,3381,1.0
1705,3944,1.0
1707,1938,1.0
1709,650,1.0
171,838,1.0
1710,2408,1.0
1711,2156,1.0
1712,2201,1.0
1713,2179,1.0
1715,1042,1.0
1716,3445,1.0
1717,3578,1.0
1718,4210,1.0
1719,1363,0.9
172,291,1.0
1720,583,1.0
1721,1770,1.0
1722,477,1.0
1723,4125,1.0
1724,4572,1.0
1725,74,1.0
1726,1012,1.0
1727,2131,1.0
1728,2008,1.0
173,4980,0.9
1730,1067,1.0
1731,721,0.9
1734,4095,1.0
1735,773,1.0
1736,3669,1.0
1738,4159,1.0
174,130,1.0
1740,2287,1.0
1741,2125,1.0
1742,2354,1.0
1743,1790,1.0
1744,1459,1.0
1745,2737,1.0
1746,1487,0.9
1747,835,1.0
1748,460,1.0
1749,4057,1.0
175,454,1.0
1751,1028,1.0
1752,2898,1.0
1753,2846,0.933333333333
1754,3461,0.9
1755,1683,1.0
1757,1375,1.0
1758,1773,1.0
1759,1188,1.0
176,1197,1.0
1761,1209,1.0
1762,2927,1.0
1764,882,1.0
1766,2306,1.0
1767,791,1.0
1768,1774,1.0
1769,1156,1.0
177,421,1.0
1770,1098,1.0
1771,1388,1.0
1772,2285,1.0
1773,2605,1.0
1774,1077,1.0
1775,448,1.0
1776,1954,1.0
1779,1847,1.0
178,701,1.0
1780,4902,1.0
1781,1071,1.0
1782,2130,1.0
1783,4049,1.0
1784,1519,1.0
1785,1103,1.0
1787,2232,1.0
1789,3608,1.0
179,72,1.0
1790,395,1.0
1791,3093,1.0
1794,2138,1.0
1795,2114,1.0
1796,2186,1.0
1797,380,1.0
1798,2371,1.0
1799,1612,1.0
18,14,1.0
180,476,1.0
1800,1189,1.0
1801,2620,1.0
1804,3260,0.9
1805,1826,1.0
1806,4599,0.8
1807,1431,1.0
1808,891,1.0
1809,1239,1.0
181,365,1.0
1810,1398,1.0
1811,883,1.0
1812,4759,1.0
1813,3909,1.0
1814,3521,0.9
1815,766,1.0
1816,2251,1.0
1817,3314,1.0
1818,3296,1.0
1820,2245,1.0
1821,1111,1.0
1822,1563,1.0
1823,1069,1.0
1824,832,1.0
1825,1761,1.0
1826,2670,1.0
1827,840,1.0
1828,992,1.0
1829,2086,1.0
1830,1454,1.0
1832,3330,1.0
1833,2684,1.0
1834,1361,0.6
1836,1600,1.0
1837,4517,1.0
1838,1751,1.0
1839,1499,1.0
184,530,1.0
1841,852,1.0
1842,2803,1.0
1844,774,1.0
1845,1418,1.0
1847,1072,1.0
1848,1848,1.0
185,1927,1.0
1850,3754,1.0
1852,1183,1.0
1853,4446,1.0
1854,2128,1.0
1855,1678,1.0
1856,1585,1.0
1857,805,1.0
1858,3748,1.0
1859,483,1.0
186,51,1.0
1860,2117,1.0
1861,2526,1.0
1862,1298,1.0
1864,1988,1.0
1865,1002,1.0
1866,957,1.0
1868,1276,1.0
187,886,1.0
1870,1862,1.0
1871,1285,1.0
1872,3350,1.0
1873,3864,1.0
1874,3494,1.0
1875,1342,1.0
1876,1531,1.0
1877,1857,1.0
1878,494,1.0
1879,2011,1.0
188,1250,1.0
1880,1896,1.0
1881,245,1.0
1883,2106,1.0
1884,600,1.0
1885,2558,1.0
1886,3187,1.0
1887,4826,0.8
1888,2056,1.0
1889,779,1.0
189,252,1.0
1890,1249,1.0
1891,3114,1.0
1892,1283,1.0
1893,3598,1.0
1894,2533,1.0
1895,2610,1.0
1896,3617,1.0
1897,173,1.0
1899,3493,1.0
19,21,1.0
190,328,1.0
1900,1274,1.0
1902,950,0.7
1903,3451,1.0
1904,768,1.0
1906,4083,0.8
1907,4535,1.0
1908,2384,1.0
191,458,1.0
1911,1708,1.0
1912,4281,1.0
1913,1157,1.0
1915,3130,1.0
1916,2581,1.0
1917,1863,1.0
1918,1749,1.0
1919,1709,1.0
192,392,1.0
1920,2183,1.0
1922,541,1.0
1924,1503,1.0
1926,4034,0.9
1927,2026,1.0
1929,3640,0.833333333333
193,25,1.0
1930,1875,1.0
1931,2625,1.0
1934,2555,1.0
1935,4050,1.0
1936,2761,1.0
1938,946,1.0
1939,1507,1.0
194,145,1.0
1942,1232,1.0
1944,2778,1.0
1946,3189,1.0
1948,3397,1.0
1949,844,1.0
195,544,1.0
1950,1377,1.0
1952,2553,1.0
1953,330,1.0
1955,2355,1.0
1956,2892,1.0
1957,2475,1.0
1958,3420,1.0
1959,2720,1.0
196,719,1.0
1960,1480,1.0
1961,1455,1.0
1962,3005,1.0
1963,2279,0.75
1964,2635,1.0
1965,2385,1.0
1966,2548,1.0
1967,1800,1.0
1968,3087,1.0
1969,2309,1.0
197,407,1.0
1970,3887,1.0
1975,1286,1.0
1976,1182,1.0
1977,953,1.0
1978,4545,1.0
1979,1173,1.0
1980,3763,1.0
1981,3268,0.7
1982,2887,1.0
1984,1586,1.0
1985,2350,0.9
1987,2208,1.0
1988,1053,1.0
1989,690,1.0
199,964,1.0
1991,1808,1.0
1995,2826,1.0
1996,2609,1.0
1997,3348,1.0
1999,3606,1.0
20,7,1.0
200,154,1.0
2000,2322,1.0
2001,4618,0.505
2002,2374,1.0
2004,730,1.0
2005,1425,1.0
2006,3,1.0
2007,1247,1.0
2008,2792,1.0
2009,4848,0.8
201,39,1.0
2010,1576,1.0
2011,1717,1.0
2012,2451,1.0
2013,2976,1.0
2014,2268,1.0
2015,3993,1.0
2016,3626,1.0
2017,2821,1.0
2018,3879,1.0
202,1589,0.8
2020,1608,1.0
2021,4543,1.0
2022,2037,1.0
2024,4718,1.0
2025,2730,1.0
2026,3204,1.0
2028,1343,1.0
203,228,1.0
2030,2466,1.0
2031,2660,1.0
2032,1561,1.0
2033,2733,1.0
2034,2260,1.0
2035,1925,1.0
2036,2515,1.0
2038,4010,1.0
2039,2267,1.0
2041,1392,1.0
2042,2318,0.9
2043,866,1.0
2044,2233,1.0
2045,2224,1.0
2047,2518,1.0
2048,2083,1.0
2049,2850,1.0
2051,2389,1.0
2052,2135,1.0
2053,3710,1.0
2054,1684,1.0
2055,2560,1.0
2056,2721,0.8
2058,1989,1.0
2059,1022,1.0
206,900,1.0
2060,1968,1.0
2061,1967,1.0
2063,2899,1.0
2064,743,1.0
2065,2613,1.0
2066,1754,1.0
2067,1565,1.0
2068,1362,1.0
2069,3001,1.0
207,195,1.0
2070,3325,1.0
2071,4752,1.0
2073,192,1.0
2074,3501,1.0
2075,1584,1.0
2077,2122,1.0
2078,2802,1.0
2079,4440,0.8
208,913,1.0
2081,3148,1.0
2083,797,1.0
2084,3452,1.0
2085,1146,1.0
2086,1596,1.0
2087,2612,1.0
2088,4392,1.0
2089,2543,1.0
209,162,1.0
2090,1253,0.9
2091,2812,1.0
2092,3428,1.0
2093,1753,1.0
2094,4662,1.0
2095,1540,1.0
2096,3968,1.0
2099,2425,0.8
21,62,1.0
210,659,1.0
2100,405,1.0
2101,1794,1.0
2102,2236,1.0
2104,1263,1.0
2105,2556,1.0
2106,906,1.0
2107,422,1.0
211,267,1.0
2113,3184,1.0
2115,440,0.9
2116,1116,1.0
2117,1855,0.6
2118,4039,1.0
212,885,1.0
2121,2442,1.0
2122,2431,1.0
2124,834,1.0
2125,3232,0.9
2126,3692,1.0
2127,4282,1.0
2128,4092,1.0
2129,1667,1.0
213,755,1.0
2131,904,1.0
2132,1450,1.0
2133,79,0.9
2135,1877,1.0
2136,2748,0.9
2137,2542,1.0
2138,3378,1.0
2139,2027,1.0
214,991,1.0
2140,2296,1.0
2141,1401,1.0
2142,679,1.0
2143,3893,1.0
2144,3190,1.0
2145,1916,1.0
2146,2621,1.0
2147,1225,1.0
2149,2770,1.0
215,433,1.0
2150,1606,1.0
2151,1292,1.0
2155,2284,1.0
2157,939,1.0
2158,1463,1.0
2159,1332,1.0
216,331,0.85
2160,2069,1.0
2163,3313,1.0
2164,4003,1.0
2166,3359,0.75
2167,4107,1.0
2168,2940,0.7
2169,3318,1.0
217,142,1.0
2170,647,1.0
2171,3550,1.0
2172,1692,1.0
2173,610,1.0
2175,2207,1.0
2176,2140,1.0
2177,3876,1.0
2178,4254,1.0
2179,1300,0.7
218,211,0.9
2180,1950,1.0
2182,2908,1.0
2183,941,1.0
2184,3373,1.0
2185,1949,1.0
2186,3379,1.0
2187,2751,1.0
2188,1496,1.0
2189,574,1.0
219,149,1.0
2192,1786,1.0
2193,1349,1.0
2195,1578,0.9
2198,4452,1.0
2199,4534,1.0
220,540,1.0
2200,2030,1.0
2201,2722,1.0
2202,1810,1.0
2203,3275,1.0
2204,910,1.0
2205,2975,1.0
2206,1537,1.0
2207,657,0.9
2208,1901,1.0
2209,1527,1.0
221,100,1.0
2211,1867,1.0
2212,2995,1.0
2214,1477,1.0
2216,871,1.0
2217,2552,1.0
2218,4135,0.775
222,543,1.0
2220,1311,1.0
2221,3311,1.0
2222,3129,1.0
2223,4280,1.0
2224,2101,1.0
2226,3022,1.0
2228,3693,1.0
223,619,1.0
2230,2388,0.9
2231,2379,1.0
2232,2953,1.0
2233,1799,1.0
2234,725,1.0
2235,1695,0.9
2236,2072,1.0
2237,3345,1.0
2238,1373,1.0
224,3852,0.656666666667
2240,4485,1.0
2242,3230,1.0
2243,3655,1.0
2244,3360,1.0
2245,899,1.0
2247,2643,1.0
2248,4152,0.9
2249,2939,1.0
225,335,1.0
2251,4126,1.0
2253,629,1.0
2254,566,1.0
2256,4668,1.0
2258,2457,1.0
2259,3648,0.7
226,371,1.0
2261,3604,1.0
2263,3433,1.0
2264,2833,1.0
2265,2375,1.0
2266,1648,1.0
2268,1451,1.0
227,1910,1.0
2270,2462,1.0
2271,4348,0.8
2273,800,1.0
2274,4189,1.0
2275,4548,1.0
2276,4292,0.7
2277,1268,1.0
2278,1317,1.0
228,894,1.0
2280,3729,1.0
2281,3716,1.0
2282,2468,1.0
2286,3824,1.0
2287,1690,1.0
2288,4065,1.0
2289,4259,1.0
229,998,1.0
2291,124,1.0
2292,3696,1.0
2296,2781,1.0
2297,2996,1.0
2299,3374,1.0
23,47,0.9
230,110,1.0
2301,1816,1.0
2302,4437,1.0
2303,3943,1.0
2306,3146,1.0
2307,1504,1.0
2308,1205,1.0
2309,3476,1.0
231,3297,1.0
2310,3652,1.0
2312,961,1.0
2313,3785,1.0
2314,3091,1.0
2315,2618,1.0
2316,3430,1.0
2318,2225,1.0
232,271,1.0
2321,3882,1.0
2323,3198,0.8
2326,4350,1.0
2328,759,1.0
2329,113,1.0
233,903,1.0
2331,1302,1.0
2332,698,1.0
2333,3969,0.8
2334,2921,1.0
2335,1955,1.0
2336,3256,1.0
2337,1448,1.0
2339,1304,1.0
234,319,1.0
2340,1934,1.0
2341,2103,1.0
2342,4371,1.0
2344,2562,0.9
2346,1397,1.0
2347,3573,1.0
2348,3892,1.0
235,94,1.0
2350,3481,1.0
2351,2981,0.7
2352,2919,1.0
2353,2159,1.0
2354,122,1.0
2355,1275,1.0
2357,4466,1.0
236,190,1.0
2360,4058,1.0
2361,564,1.0
2362,3997,0.9
2363,2608,1.0
2365,1267,0.9
2366,2047,1.0
2367,984,1.0
2368,1185,0.95
2369,2417,1.0
237,306,1.0
2370,2986,0.9
2371,3975,1.0
2372,2337,1.0
2373,4559,1.0
2374,1937,1.0
2375,2297,1.0
2376,2305,1.0
2377,4445,1.0
2379,2347,1.0
238,1617,1.0
2381,2572,1.0
2385,1085,0.9
2388,2344,1.0
2389,2052,1.0
239,182,1.0
2390,2459,1.0
2392,2045,1.0
2393,4901,1.0
2394,2969,1.0
2396,1125,1.0
2398,1014,1.0
24,49,1.0
240,760,1.0
2400,3197,1.0
2401,2100,1.0
2402,1486,0.7
2403,709,1.0
2404,2165,1.0
2406,2521,1.0
2407,1034,1.0
2408,4256,1.0
2409,1133,1.0
241,509,1.0
2410,1844,1.0
2412,3285,1.0
2414,4897,1.0
2415,513,1.0
2416,1825,1.0
2417,4479,1.0
2418,2930,1.0
2419,3837,1.0
242,222,0.8
2420,4346,1.0
2422,4732,1.0
2423,2646,1.0
2424,722,1.0
2425,1047,1.0
2426,3054,1.0
2428,3569,1.0
2429,4637,1.0
243,914,1.0
2430,2931,1.0
2432,3789,0.95
2433,1461,1.0
2436,1293,1.0
2438,997,1.0
244,159,1.0
2441,4393,1.0
2443,643,1.0
2447,3924,0.8
245,776,1.0
2451,3319,1.0
2452,940,1.0
2454,1668,1.0
2455,3950,1.0
2456,307,1.0
2458,215,1.0
2459,4786,1.0
246,1641,1.0
2460,4933,1.0
2461,2476,1.0
2462,98,1.0
2463,2484,1.0
2464,2345,1.0
2465,2064,1.0
2466,4929,1.0
2467,2003,1.0
2468,1384,1.0
2469,3145,1.0
2472,2544,1.0
2473,3014,1.0
2474,2402,1.0
2475,2955,1.0
2476,1426,1.0
2477,1102,1.0
2479,2904,0.9
248,536,1.0
2481,2492,1.0
2482,3589,1.0
2485,2633,1.0
2486,4060,1.0
2487,4309,1.0
2489,1999,1.0
249,2169,0.7
2490,1744,1.0
2492,3398,1.0
2493,4127,1.0
2495,3464,0.925
2496,4912,1.0
2497,4284,0.9
250,150,1.0
2501,4465,0.9
2502,1147,1.0
2503,962,1.0
2504,2984,1.0
2506,1660,0.9
251,3429,1.0
2510,2587,1.0
2511,2948,1.0
2512,2743,1.0
2514,2022,1.0
2515,4858,1.0
2517,1120,1.0
2518,4482,1.0
2519,329,1.0
2521,1033,1.0
2524,408,1.0
2526,2852,1.0
2527,2935,1.0
2528,4421,1.0
253,1008,1.0
2532,3077,1.0
2533,3828,1.0
2535,661,1.0
2537,4172,1.0
2538,3343,1.0
2539,1420,1.0
254,851,1.0
2540,2767,1.0
2542,1787,1.0
2543,3985,1.0
2545,3915,1.0
2547,1192,1.0
255,1530,1.0
2550,1735,1.0
2552,2913,1.0
2554,2830,1.0
2556,2261,1.0
2557,3041,1.0
256,763,1.0
2561,3867,0.75
2562,3641,1.0
2564,793,1.0
2565,2439,1.0
2566,1889,1.0
2567,4352,0.775
2568,1333,1.0
2569,1315,1.0
257,599,1.0
2570,2454,1.0
2571,3353,1.0
2572,3299,1.0
2574,1939,1.0
2575,2683,1.0
2577,2769,1.0
2578,375,1.0
2579,748,1.0
258,369,1.0
2580,1879,1.0
2581,2663,1.0
2583,2098,1.0
2584,1229,1.0
2585,1554,1.0
2588,737,1.0
259,255,1.0
2590,3073,1.0
2591,2324,1.0
2592,3436,1.0
2593,2024,1.0
2594,3255,1.0
2595,4291,0.9
2598,951,1.0
2599,3480,0.9
26,224,1.0
260,2085,1.0
2601,4868,0.6
2603,519,1.0
2607,3811,0.9
2608,1484,1.0
2609,1629,1.0
261,260,1.0
2612,1906,1.0
2614,2675,1.0
2615,2042,1.0
2616,1619,1.0
2617,2013,1.0
2618,3183,1.0
2619,3342,1.0
262,459,1.0
2620,1570,0.8
2621,4105,1.0
2624,1220,1.0
2625,1853,1.0
2626,3246,1.0
2628,1340,1.0
2629,3503,1.0
263,1394,1.0
2630,3031,1.0
2632,1348,1.0
2633,3399,1.0
2635,1973,1.0
2636,1542,1.0
2637,2941,1.0
2638,1992,1.0
264,2577,1.0
2642,803,1.0
2643,2570,1.0
2644,4934,1.0
2646,2151,1.0
2647,2711,1.0
2648,3636,1.0
2654,1515,1.0
2655,3124,1.0
2656,3385,1.0
2657,1574,1.0
2658,4692,1.0
266,429,1.0
2663,4154,1.0
2665,1793,1.0
2666,2528,1.0
2667,4289,1.0
2668,2428,1.0
267,333,1.0
2671,4001,1.0
2674,4345,1.0
2676,1309,1.0
2677,3537,1.0
2679,3758,1.0
268,1046,1.0
2680,4055,1.0
2681,2444,1.0
2682,1577,1.0
2683,1149,0.9
2684,4843,1.0
2685,1623,1.0
2687,2842,1.0
2688,2310,1.0
2689,2669,1.0
269,172,1.0
2691,2962,1.0
2692,3607,1.0
2694,1151,1.0
2696,1009,0.9
2697,3413,1.0
27,70,1.0
2701,1613,1.0
2702,2607,1.0
2703,1872,1.0
2705,1500,1.0
2706,2421,1.0
2707,2750,1.0
2708,1055,1.0
271,129,1.0
2710,3809,1.0
2711,3013,1.0
2712,828,1.0
2714,3526,1.0
2715,1926,1.0
2717,3035,1.0
2719,4239,1.0
272,510,1.0
2721,2666,1.0
2722,1900,1.0
2726,2050,1.0
2729,1894,1.0
273,616,1.0
2732,2815,1.0
2733,2453,1.0
2734,2386,1.0
2735,2980,1.0
2736,2487,1.0
2739,1172,1.0
2740,2947,1.0
2742,2110,1.0
2743,3336,1.0
2743,521,0.6
2749,2210,1.0
275,663,1.0
2750,1852,1.0
2751,3799,1.0
2753,812,1.0
2754,1740,1.0
2755,2584,1.0
2756,2395,1.0
2758,2060,1.0
276,858,1.0
2761,2937,1.0
2762,2020,1.0
2763,3331,1.0
2764,2367,1.0
2765,4052,1.0
2766,4602,1.0
2768,2690,1.0
277,1223,1.0
2771,3502,1.0
2773,2303,1.0
2774,3691,1.0
2775,2108,1.0
2777,2991,0.95
2778,4069,1.0
2779,3718,1.0
278,1338,1.0
2781,3112,1.0
2782,2834,0.9
2783,3089,1.0
2785,1514,1.0
2786,1704,1.0
2787,4026,1.0
2788,3063,0.8
279,1231,1.0
2794,1269,1.0
2795,4873,1.0
2796,4635,1.0
2798,1611,0.8
28,76,1.0
280,153,1.0
2800,2196,1.0
2801,4539,0.9
2804,354,1.0
2805,1638,1.0
2806,4267,0.575
2807,2911,1.0
2809,1961,1.0
281,40,1.0
2810,3698,1.0
2811,3730,1.0
2812,2102,1.0
2813,3004,1.0
2815,4654,1.0
2816,2519,1.0
2817,1760,1.0
2818,3310,1.0
282,2370,0.9
2820,702,1.0
2822,2158,1.0
2824,2058,1.0
2825,2594,1.0
2826,2009,1.0
2827,3239,1.0
2828,2181,1.0
2829,4458,1.0
2830,1541,1.0
2831,2501,1.0
2835,2524,1.0
2836,2779,1.0
2837,3065,1.0
2838,3851,1.0
2839,1964,1.0
284,548,1.0
2840,2316,1.0
2842,4079,1.0
2843,3191,0.9
2844,2912,1.0
2845,4915,1.0
2849,2258,1.0
2851,4640,1.0
2852,3186,1.0
2855,166,1.0
2857,1444,1.0
2859,3504,0.75
286,746,1.0
2860,3920,1.0
2861,2242,1.0
2862,3132,1.0
2863,4805,1.0
2864,3533,1.0
2865,3261,1.0
2866,2149,1.0
2867,3932,1.0
2868,3278,1.0
2869,1956,1.0
287,456,1.0
2870,4062,0.925
2873,1765,1.0
2876,4742,1.0
2877,4996,1.0
2878,3800,1.0
2879,2212,1.0
288,115,1.0
2880,1440,1.0
2881,3466,1.0
2882,1643,1.0
2883,4427,0.8
2885,1262,1.0
2888,2150,1.0
2889,2849,1.0
289,579,1.0
2890,3105,1.0
2891,2244,1.0
2892,2174,1.0
2894,2922,1.0
2895,671,1.0
2896,2653,1.0
2898,1261,1.0
29,630,1.0
290,568,1.0
2904,1037,1.0
2906,2698,1.0
2908,4852,1.0
291,489,1.0
2910,2514,1.0
2912,3474,1.0
2913,1323,0.9
2914,1469,0.8
2915,3688,1.0
2917,3279,0.9
2918,1330,1.0
292,1354,1.0
2920,2522,1.0
2921,2046,0.8
2922,3434,0.8
2923,2988,1.0
2924,2637,1.0
2925,2786,1.0
2927,3727,1.0
2928,4147,1.0
2929,3888,1.0
293,57,1.0
2931,2874,1.0
2932,1923,1.0
2934,2805,1.0
2935,2893,1.0
2936,1472,1.0
2939,2760,1.0
294,193,1.0
2940,3625,1.0
2942,2087,1.0
2944,2705,1.0
2946,955,1.0
2949,1716,1.0
295,529,1.0
2953,771,1.0
2954,2127,1.0
2955,2176,1.0
2958,3843,0.9
2959,2243,1.0
296,361,1.0
2960,2298,1.0
2961,4954,1.0
2962,4129,1.0
2963,2860,1.0
2964,4250,1.0
2965,2472,1.0
2966,4925,1.0
2968,4704,0.9
2969,4709,1.0
297,447,1.0
2972,4582,1.0
2973,4989,1.0
2975,1505,1.0
2977,2291,1.0
2978,3539,1.0
2979,1929,1.0
298,431,1.0
2980,3619,1.0
2983,4330,1.0
2985,2426,1.0
2986,2957,1.0
2987,1351,1.0
2989,2263,1.0
2990,3574,1.0
2991,4936,1.0
2992,2091,1.0
2993,745,1.0
2994,3044,1.0
2995,3639,1.0
2996,2378,1.0
2998,37,1.0
2999,2539,1.0
3,8,1.0
30,183,1.0
3000,2642,1.0
3001,2717,1.0
3003,4201,1.0
3004,1884,1.0
3005,3042,1.0
3008,2702,1.0
301,877,1.0
3010,1289,1.0
3011,3028,1.0
3012,1971,1.0
3014,1214,1.0
3015,3756,1.0
3016,1468,1.0
3018,1559,1.0
3019,654,1.0
3020,2967,1.0
3021,1266,1.0
3023,3277,1.0
3024,1776,1.0
3025,2203,1.0
3026,2867,1.0
3027,4955,1.0
3028,3709,1.0
3029,1524,1.0
303,3780,0.9
3034,2910,1.0
3035,4045,1.0
3037,1599,1.0
3039,3859,1.0
304,462,1.0
3042,3151,1.0
3044,1140,1.0
3045,926,1.0
3046,2430,1.0
3047,3250,1.0
305,621,1.0
3050,4306,1.0
3051,1552,1.0
3055,1105,1.0
3056,1511,1.0
3057,2944,1.0
3060,2204,1.0
3061,2170,1.0
3063,2063,1.0
3064,1092,1.0
3066,1975,1.0
3067,2465,1.0
307,554,1.0
3070,4102,1.0
3072,3630,1.0
3073,1785,1.0
3074,4410,1.0
3077,3366,1.0
3079,2157,1.0
308,1854,1.0
3080,3596,1.0
3081,2606,1.0
3083,4007,1.0
3084,3251,0.9
3085,1482,1.0
3087,1609,1.0
309,207,1.0
3090,4428,1.0
3091,987,1.0
3092,3456,1.0
3095,2657,1.0
3096,4609,1.0
3098,3435,1.0
31,120,1.0
3101,2178,1.0
3103,1806,1.0
3104,2155,1.0
3107,2145,1.0
3109,1365,1.0
311,464,1.0
3110,1562,1.0
3111,2523,1.0
3112,1933,1.0
3115,3173,1.0
3116,642,1.0
3117,3815,1.0
312,401,1.0
3120,3380,1.0
3121,2918,1.0
3122,2429,1.0
3123,3212,1.0
3124,3382,1.0
3126,2565,1.0
3128,4146,1.0
3129,3584,1.0
3131,2373,0.9
3132,4027,1.0
3133,2486,1.0
3134,2254,1.0
3139,339,1.0
314,428,1.0
3142,4310,1.0
3144,3039,1.0
3145,1978,1.0
3146,1724,0.9
3150,4340,1.0
3151,1874,1.0
3152,4975,1.0
3153,1795,1.0
3154,3040,1.0
3156,2240,0.6
3158,2701,1.0
316,413,1.0
3161,2458,1.0
3162,2343,1.0
3164,1919,1.0
3166,4751,0.833333333333
3167,4316,0.7
3169,3922,0.8
317,808,1.0
3171,1597,1.0
3173,4560,1.0
3176,2902,1.0
3178,4845,1.0
3179,2960,0.95
318,1791,1.0
3184,4652,1.0
3186,2706,0.9
3189,3620,1.0
319,732,1.0
3190,3532,1.0
3191,4195,1.0
3194,3538,1.0
3195,3326,1.0
3199,2949,1.0
32,225,1.0
320,118,1.0
3200,1446,1.0
3201,2400,1.0
3205,1687,1.0
3206,1031,1.0
3207,2443,1.0
3208,2496,1.0
321,731,1.0
3211,3409,1.0
3212,3426,0.7
3215,3857,1.0
3218,4191,1.0
3219,4403,1.0
322,468,0.9
3220,1281,1.0
3221,1095,1.0
3222,4170,1.0
3225,2677,1.0
3227,2906,1.0
323,2062,1.0
3230,4580,1.0
3231,2321,1.0
3233,2483,1.0
3234,4530,1.0
3236,902,1.0
3238,3051,1.0
324,424,1.0
3243,4365,1.0
3244,1615,1.0
3246,1636,1.0
3248,3416,1.0
325,323,1.0
3252,4353,1.0
3253,2744,1.0
3254,1273,1.0
3255,194,1.0
3256,4418,1.0
3258,1483,1.0
3259,2137,0.9
326,137,1.0
3260,3427,1.0
3261,2644,1.0
3262,4747,1.0
3263,1860,1.0
3264,2900,1.0
3265,2328,1.0
3266,4182,1.0
3267,1409,1.0
327,1303,1.0
3273,3455,1.0
3274,4011,0.8
3275,4641,1.0
3276,3791,1.0
3277,2658,1.0
3279,640,1.0
328,809,1.0
3281,1851,1.0
3282,3740,1.0
3283,1464,1.0
3284,1682,1.0
3285,4085,1.0
3289,1979,1.0
329,445,1.0
3290,3817,1.0
3291,983,1.0
3292,2143,1.0
3294,3471,1.0
3295,3119,0.9
3298,4114,0.9
3299,1403,1.0
330,1322,1.0
3301,4521,1.0
3302,2105,1.0
3303,1731,1.0
3308,1073,1.0
331,404,1.0
3310,2775,1.0
3311,3449,1.0
3312,3195,1.0
3314,2084,1.0
3315,3583,1.0
3316,4331,1.0
332,441,1.0
3322,2470,1.0
3327,3122,1.0
3328,3263,0.9
3330,3507,1.0
3331,1680,0.75
3333,3194,1.0
3335,4217,0.9
3336,4645,1.0
3337,1637,0.9
3338,1138,1.0
3339,3446,1.0
334,1358,1.0
3341,2332,0.9
3342,3724,0.8
3343,2111,1.0
3346,514,1.0
3348,3653,0.9
3351,1720,1.0
3354,2511,0.783333333333
3356,4756,1.0
3359,3150,0.95
336,46,1.0
3360,1462,1.0
3361,2415,1.0
3362,2315,1.0
3368,2194,1.0
337,1104,1.0
3372,2409,1.0
3373,740,0.9
3374,4165,1.0
3375,4820,1.0
3378,2824,0.9
338,3000,1.0
3380,3153,1.0
3384,4139,0.9
3388,3383,1.0
3389,3595,1.0
339,1402,1.0
3390,1922,1.0
3391,1457,1.0
3393,4288,1.0
3395,1215,0.8
3397,2907,1.0
3398,3174,1.0
34,63,1.0
340,1090,1.0
3400,3602,0.9
3404,3163,1.0
3405,2380,1.0
3406,3760,0.8
3408,4688,1.0
3409,3717,1.0
341,484,1.0
3411,4659,1.0
3412,1571,1.0
3414,2707,1.0
3417,4658,1.0
3418,4907,1.0
342,1021,1.0
3422,2313,1.0
3427,4790,1.0
3428,3998,0.9
3430,30,0.8
3432,2774,1.0
3436,2863,1.0
3437,2928,1.0
3438,2839,1.0
3439,1204,1.0
344,1237,1.0
3442,4238,0.9
3443,2844,1.0
3449,4318,1.0
345,403,1.0
3451,3252,1.0
3452,3955,1.0
3453,2617,1.0
3454,3769,1.0
3456,2926,1.0
3458,912,1.0
346,106,1.0
3460,3886,1.0
3461,4573,1.0
3462,3707,1.0
3467,3675,1.0
3469,2401,1.0
347,490,0.8
3470,1831,1.0
3472,3214,1.0
3475,3706,0.8
3477,4401,1.0
3478,1495,1.0
3480,1246,1.0
3482,4832,1.0
3484,4984,1.0
3485,2118,1.0
3489,4991,0.9
349,816,1.0
3490,4023,1.0
3491,3410,1.0
3495,2708,1.0
3496,3221,1.0
3498,1564,1.0
3499,1616,1.0
350,775,1.0
3500,896,1.0
3501,4665,1.0
3504,2664,1.0
3508,931,1.0
351,887,1.0
3512,4581,1.0
3515,3601,1.0
3517,3804,0.9
3518,4116,1.0
3521,2364,1.0
3523,2499,1.0
3525,4132,1.0
3526,1595,1.0
3528,4464,0.9
3529,3320,1.0
353,694,1.0
3530,2529,1.0
3531,3834,1.0
3532,4153,1.0
3533,2351,1.0
3534,1380,1.0
3535,3770,1.0
3536,4669,0.8
3537,1213,1.0
3538,4149,1.0
354,555,1.0
3541,1772,1.0
3542,3080,1.0
3544,4791,1.0
3545,2202,1.0
3546,4213,0.825
3547,1413,1.0
3549,4024,1.0
355,247,1.0
3551,3101,1.0
3552,4041,1.0
3556,4030,0.55
3558,1691,1.0
356,971,1.0
3561,2090,1.0
3562,4928,0.7
3565,4821,1.0
3566,3644,1.0
3567,1063,1.0
3568,4179,1.0
3569,2573,1.0
357,390,1.0
3571,1112,0.9
3572,1369,1.0
3574,3674,1.0
3576,3715,1.0
3578,1260,1.0
3579,3831,1.0
358,236,1.0
3580,4853,1.0
3581,2311,1.0
3584,3267,1.0
3586,2089,0.9
3588,2877,1.0
3589,4746,1.0
359,204,1.0
3595,4819,1.0
3598,1256,1.0
3599,3994,1.0
36,34,1.0
360,1306,1.0
3600,1913,1.0
3603,2096,1.0
3605,3352,0.9
3607,2759,1.0
3608,1990,1.0
361,863,1.0
3611,3258,1.0
3612,2,0.9
3613,3098,1.0
3620,1162,0.8
3622,1297,1.0
3624,1279,1.0
3625,609,1.0
3626,3391,1.0
363,507,1.0
3632,4647,1.0
3637,4619,0.9
3639,2714,1.0
364,235,1.0
3642,3003,1.0
3643,3394,1.0
3647,3075,1.0
3648,2361,1.0
365,75,1.0
3650,2875,1.0
3654,2771,1.0
3656,61,1.0
3658,2383,1.0
366,1771,1.0
3660,1865,1.0
3665,4390,1.0
3666,3906,0.9
3667,3762,1.0
367,736,1.0
3672,2247,1.0
3673,717,0.8
3674,1921,1.0
3675,3591,1.0
3677,4117,1.0
3678,2217,1.0
368,238,1.0
3680,1548,1.0
3681,1329,0.9
3684,4520,1.0
3685,4862,0.9
3687,4037,1.0
369,206,1.0
3690,4585,0.6
3693,3947,1.0
3698,1723,1.0
37,349,1.0
370,289,1.0
3700,4308,1.0
3701,2816,1.0
3702,2704,1.0
3703,2160,0.9
3706,2551,1.0
3708,4674,1.0
3709,2230,1.0
371,438,1.0
3711,2861,1.0
3712,2885,1.0
3713,653,1.0
3714,2029,1.0
3715,1163,1.0
3716,1399,1.0
3717,1738,1.0
372,980,1.0
3720,4527,1.0
3721,4339,1.0
3724,3156,1.0
3727,2123,1.0
3729,2841,0.9
373,706,1.0
3730,1898,1.0
3733,3166,1.0
3735,2153,1.0
3736,3137,0.6
3739,2473,1.0
374,636,1.0
3740,1914,1.0
3742,3557,1.0
3743,2822,1.0
3745,1488,1.0
3747,3784,0.8
3748,3361,1.0
3749,1389,1.0
375,1815,1.0
3750,4432,0.9
3752,4842,0.8
3757,4325,1.0
376,209,1.0
3767,3581,1.0
3768,1701,1.0
377,770,0.9
3774,4224,1.0
3777,3432,1.0
3779,2424,1.0
378,1510,0.9
3785,3750,1.0
3788,3590,1.0
379,385,1.0
3794,3747,1.0
38,757,1.0
380,608,1.0
3801,4768,0.85
3802,2071,0.8
3803,4038,1.0
3807,4965,1.0
3808,3349,1.0
3809,3650,1.0
381,85,1.0
3811,2952,1.0
3812,2753,1.0
3813,3890,1.0
3814,4861,1.0
3816,3593,1.0
3817,2843,1.0
3818,2320,0.9
382,945,1.0
3821,3321,1.0
3823,4448,1.0
3824,1986,1.0
3826,1326,0.9
3827,1627,1.0
3828,4775,1.0
383,1671,1.0
3834,3470,0.8
3835,2901,1.0
3836,1378,1.0
384,409,1.0
3840,1998,0.9
3843,3308,1.0
3844,2120,1.0
3847,1807,1.0
3849,3992,1.0
385,169,1.0
3851,2725,1.0
3852,3276,1.0
3853,4415,0.9
3854,1301,1.0
3859,4522,1.0
386,325,1.0
3862,3895,1.0
3866,1278,1.0
3867,4115,1.0
3869,2583,1.0
387,318,1.0
3870,1058,1.0
3874,3618,0.7
3875,4405,1.0
3876,3020,1.0
3879,3742,1.0
388,3070,1.0
3882,3794,1.0
3883,4311,1.0
3885,1994,1.0
3887,4544,1.0
3889,4290,1.0
389,451,1.0
3897,3751,1.0
3899,2687,1.0
390,78,1.0
3900,3167,0.9
3902,2871,1.0
3905,3731,1.0
3906,1414,1.0
3907,4293,0.9
3908,4492,0.8
391,1752,1.0
3914,2965,1.0
3916,3779,1.0
3917,3404,1.0
392,71,1.0
3920,4942,1.0
3921,266,0.9
3922,893,1.0
3925,3678,1.0
3926,2381,1.0
3927,4430,1.0
393,1179,1.0
3930,2455,1.0
3931,4566,0.95
3933,2185,1.0
3935,399,1.0
3939,1662,1.0
395,1710,1.0
3950,2469,1.0
3951,2109,1.0
3955,3616,1.0
3957,2088,1.0
396,854,1.0
3960,4672,1.0
3964,2820,1.0
3966,1170,1.0
3969,4242,1.0
397,859,1.0
3970,4728,1.0
3973,3686,1.0
3975,1783,1.0
398,1713,1.0
3982,4533,1.0
3987,3810,1.0
399,363,1.0
3990,3962,1.0
3991,3384,1.0
3992,2993,1.0
3995,2368,0.9
3996,4834,0.8
4,20,1.0
40,1590,1.0
400,1811,1.0
401,1522,1.0
402,723,1.0
403,1665,1.0
404,487,1.0
405,2147,1.0
406,1062,1.0
408,463,1.0
409,1245,1.0
41,345,1.0
410,924,1.0
411,296,1.0
412,2536,1.0
413,31,1.0
414,505,1.0
415,612,1.0
416,1439,1.0
417,197,1.0
418,1036,1.0
419,437,0.9
42,637,1.0
421,633,1.0
422,253,1.0
423,219,1.0
425,44,1.0
426,450,1.0
427,368,1.0
428,689,1.0
429,974,1.0
43,720,1.0
430,185,1.0
431,538,1.0
432,1202,1.0
433,1346,1.0
434,336,1.0
435,69,1.0
437,208,1.0
438,370,1.0
439,191,1.0
44,295,1.0
440,1631,1.0
441,287,1.0
442,152,1.0
443,1236,1.0
444,1435,1.0
445,2043,1.0
446,171,1.0
447,223,1.0
448,751,1.0
45,1582,1.0
451,662,1.0
452,355,1.0
453,214,1.0
454,503,1.0
455,1607,1.0
456,400,1.0
457,254,1.0
459,1139,1.0
46,176,1.0
460,672,1.0
461,133,1.0
462,750,1.0
463,203,1.0
464,878,1.0
465,3672,1.0
467,855,1.0
468,853,1.0
47,52,0.85
470,1088,1.0
471,857,1.0
472,585,1.0
473,589,1.0
475,493,1.0
476,2382,0.9
477,1466,1.0
478,1160,1.0
479,469,1.0
48,237,1.0
480,1050,1.0
481,1759,1.0
483,769,1.0
484,282,1.0
485,1556,1.0
486,811,1.0
487,396,1.0
488,527,1.0
49,48,1.0
490,1057,1.0
491,1195,1.0
493,168,1.0
494,860,1.0
495,947,1.0
496,1161,1.0
497,918,1.0
498,1011,1.0
499,241,1.0
50,3781,0.9
501,1043,1.0
502,2053,1.0
504,4381,1.0
505,627,1.0
506,1154,1.0
507,534,1.0
508,1781,1.0
509,615,1.0
51,240,1.0
511,1099,1.0
512,425,1.0
513,1963,1.0
514,1876,0.8
515,383,1.0
516,1639,0.9
517,837,1.0
518,358,1.0
519,1207,1.0
52,181,1.0
520,1412,1.0
521,864,1.0
522,1902,0.9
523,500,1.0
524,1432,1.0
526,1076,1.0
527,1370,1.0
529,3393,1.0
53,53,1.0
532,299,1.0
534,649,1.0
535,4168,0.833333333333
536,557,1.0
537,326,1.0
538,1977,1.0
539,1528,1.0
54,15,0.9
540,1824,1.0
541,678,1.0
543,539,1.0
544,4470,1.0
545,250,1.0
546,687,1.0
547,310,1.0
548,1649,1.0
55,935,1.0
550,715,1.0
551,389,1.0
552,767,1.0
553,1066,1.0
554,1222,1.0
555,334,1.0
556,116,1.0
557,1049,1.0
559,571,0.9
560,2335,0.9
561,1187,1.0
562,275,1.0
564,1441,1.0
565,359,1.0
566,712,1.0
567,920,1.0
568,2598,1.0
57,311,1.0
570,278,1.0
571,272,1.0
572,356,1.0
574,596,1.0
575,229,1.0
576,1091,1.0
578,210,1.0
581,265,1.0
582,1904,1.0
583,546,1.0
584,1107,1.0
585,1024,1.0
586,1251,1.0
587,2193,1.0
588,787,1.0
59,673,1.0
590,1494,1.0
591,351,0.8
592,824,1.0
593,907,1.0
594,695,1.0
595,1497,1.0
596,348,1.0
597,2393,1.0
599,1131,0.9
6,24,1.0
60,212,1.0
600,2897,1.0
601,423,1.0
602,556,1.0
603,1784,1.0
605,2214,1.0
606,590,1.0
607,607,1.0
608,420,1.0
61,41,1.0
610,3271,1.0
611,1254,1.0
612,1881,1.0
613,873,1.0
614,341,1.0
615,578,1.0
616,516,1.0
617,1883,1.0
618,1557,0.9
619,2163,1.0
62,239,1.0
620,2817,1.0
622,1093,1.0
623,217,1.0
624,248,1.0
626,1320,1.0
627,435,1.0
628,595,1.0
629,394,1.0
63,93,0.9
631,1174,1.0
632,2075,1.0
633,2546,1.0
634,2172,1.0
635,4180,0.8
636,1728,1.0
637,473,1.0
638,259,1.0
639,1016,1.0
64,266,1.0
641,482,1.0
642,716,1.0
643,1591,1.0
644,434,1.0
646,2025,1.0
647,1544,1.0
649,213,1.0
65,103,1.0
650,868,1.0
651,1084,1.0
652,1198,1.0
654,127,1.0
655,833,1.0
656,1736,1.0
658,2039,1.0
659,147,1.0
66,427,1.0
660,227,1.0
661,1121,1.0
662,2534,1.0
663,1114,0.675
665,143,1.0
666,466,1.0
667,134,1.0
668,531,1.0
669,257,1.0
670,1307,1.0
671,532,1.0
672,1707,1.0
673,388,1.0
674,1579,1.0
675,753,1.0
677,553,1.0
678,3115,1.0
679,1015,1.0
68,83,1.0
680,1718,1.0
681,2365,1.0
683,498,1.0
684,264,1.0
685,1470,1.0
686,1191,1.0
689,880,1.0
691,622,1.0
693,108,1.0
698,1312,1.0
699,3554,0.8
70,704,1.0
700,960,1.0
702,979,1.0
703,522,1.0
704,1653,1.0
706,472,1.0
707,1341,1.0
708,1385,1.0
709,584,1.0
71,17,1.0
710,3627,0.9
711,1017,1.0
712,1224,1.0
713,3081,1.0
714,201,1.0
715,314,1.0
716,1996,0.9
717,1023,1.0
719,1726,1.0
72,1097,1.0
720,2434,0.95
723,347,1.0
724,200,1.0
726,2422,1.0
727,288,1.0
728,3227,0.525
729,1299,0.7
73,82,1.0
731,350,1.0
733,943,1.0
734,1065,1.0
735,465,1.0
736,2074,1.0
737,558,1.0
738,3395,1.0
739,1700,1.0
74,35,1.0
740,187,1.0
741,3735,1.0
742,418,1.0
743,523,1.0
744,157,1.0
745,919,1.0
746,497,1.0
747,1508,1.0
748,1618,0.9
749,744,1.0
75,56,1.0
750,163,1.0
751,602,1.0
752,936,1.0
753,4396,1.0
754,1127,1.0
755,959,1.0
756,1891,1.0
757,901,1.0
759,928,1.0
76,956,1.0
760,1452,1.0
761,1364,1.0
764,1423,1.0
765,591,1.0
766,681,1.0
767,317,1.0
768,1727,1.0
77,4739,0.8
770,807,1.0
771,1352,1.0
772,2031,0.725
773,144,1.0
774,872,1.0
775,442,1.0
776,994,1.0
777,999,1.0
779,88,1.0
78,27,1.0
780,2681,1.0
782,327,1.0
783,1758,1.0
784,3024,0.9
786,593,1.0
788,1676,1.0
789,1742,0.9
79,65,1.0
790,2222,1.0
791,577,1.0
793,1029,1.0
794,158,1.0
796,2449,0.9
798,658,1.0
799,646,1.0
8,524,0.775
80,1421,1.0
800,343,1.0
803,1290,1.0
804,908,1.0
805,741,1.0
806,845,1.0
807,1082,1.0
808,626,1.0
809,843,1.0
81,16,0.85
810,376,1.0
812,398,1.0
815,841,1.0
816,220,1.0
817,1827,1.0
818,815,1.0
819,1558,1.0
820,188,1.0
821,2838,1.0
822,2789,0.7
823,1814,1.0
824,3206,1.0
825,261,1.0
83,648,1.0
830,426,1.0
831,817,1.0
832,2209,1.0
833,286,1.0
834,1350,1.0
835,1027,1.0
836,820,1.0
837,394,1.0
838,1137,1.0
839,1960,1.0
84,412,1.0
840,905,1.0
841,1471,1.0
842,4019,1.0
843,1598,1.0
844,123,1.0
846,1502,1.0
847,634,1.0
85,1119,1.0
850,480,0.8
852,1498,1.0
853,551,1.0
854,3387,1.0
855,138,1.0
856,693,1.0
857,783,0.9
858,711,1.0
859,1020,1.0
86,1135,1.0
860,346,1.0
862,879,1.0
863,2890,1.0
866,495,1.0
867,2741,1.0
868,862,1.0
869,2858,1.0
87,517,1.0
870,598,1.0
871,283,1.0
872,508,1.0
873,2520,1.0
874,1243,1.0
875,2041,1.0
876,126,1.0
878,499,1.0
88,2238,1.0
880,1437,1.0
882,2810,0.6
883,677,0.9
886,2559,1.0
887,2590,1.0
888,1045,1.0
889,1221,1.0
89,230,1.0
890,1836,1.0
891,1001,1.0
894,682,1.0
895,2034,1.0
896,968,1.0
897,752,1.0
898,506,1.0
899,952,1.0
9,84,1.0
90,340,1.0
900,2589,1.0
901,3213,1.0
903,1080,1.0
905,1523,1.0
906,2175,1.0
907,2726,0.9
908,796,0.9
909,1475,1.0
91,302,1.0
910,308,1.0
911,2876,1.0
912,1003,1.0
913,4872,0.7
914,2119,1.0
915,1679,1.0
917,2502,1.0
918,332,1.0
92,285,1.0
921,3300,1.0
923,1658,1.0
924,2797,1.0
925,2639,1.0
927,3207,1.0
928,4323,1.0
929,1288,1.0
93,95,1.0
930,1164,1.0
931,754,1.0
933,1123,1.0
934,1228,1.0
935,1568,1.0
936,890,1.0
937,1646,1.0
938,2220,1.0
939,136,1.0
941,874,1.0
942,518,1.0
943,221,1.0
944,4764,1.0
947,726,1.0
948,742,1.0
949,625,1.0
950,944,1.0
951,1106,1.0
952,1843,1.0
954,623,1.0
955,802,0.9
956,806,1.0
957,2134,1.0
958,1404,1.0
959,3818,1.0
960,276,1.0
961,1911,1.0
964,2167,1.0
965,1411,1.0
966,439,1.0
967,1962,1.0
968,1219,1.0
969,674,1.0
97,713,1.0
970,1328,1.0
971,1400,1.0
972,337,1.0
973,1427,1.0
974,1408,1.0
977,4302,1.0
978,1313,1.0
979,3437,1.0
98,249,1.0
980,978,1.0
982,2806,0.9
983,552,1.0
984,668,1.0
985,1842,1.0
986,1282,0.95
987,199,1.0
988,293,1.0
989,582,1.0
99,707,1.0
990,397,1.0
991,2503,1.0
992,4825,1.0
993,535,1.0
994,1942,1.0
995,1074,1.0
997,1805,1.0
999,699,1.0
