id1,id2,matching_probability
0,0,0.9
1,15,1.0
100,221,0.9
1001,891,1.0
1002,1865,0.9
1003,912,1.0
1006,1660,1.0
1007,1375,0.9
1008,253,1.0
101,1023,0.9
1010,1290,0.9
1011,498,0.9
1012,1726,1.0
1014,2398,1.0
1015,679,1.0
1016,639,1.0
1017,711,1.0
1018,1172,1.0
1019,1068,1.0
102,141,1.0
1020,859,1.0
1021,342,1.0
1022,2059,1.0
1023,717,1.0
1024,585,1.0
1025,1094,1.0
1027,835,0.9
1028,1751,1.0
1029,793,0.9
103,65,1.0
1030,1560,1.0
1031,3206,1.0
1033,2521,1.0
1034,2407,0.9
1036,418,1.0
1037,2904,1.0
1039,1209,1.0
1042,1715,0.9
1043,501,1.0
1044,1543,1.0
1045,888,1.0
1046,268,1.0
1047,2425,1.0
1048,1502,0.9
1049,557,1.0
1050,480,1.0
1052,1531,1.0
1053,1988,1.0
1054,1037,1.0
1055,2708,1.0
1056,1311,1.0
1057,490,1.0
1058,3870,1.0
1059,160,0.9
106,346,0.9
1062,406,1.0
1063,3567,0.9
1064,1012,1.0
1065,734,1.0
1066,553,1.0
1067,1730,1.0
1068,1227,1.0
1069,1823,1.0
107,1235,1.0
1070,1599,0.9
1071,1781,1.0
1072,1847,1.0
1073,3308,1.0
1074,995,1.0
1076,526,1.0
1077,1774,0.9
1078,1327,1.0
108,693,1.0
1080,903,1.0
1081,1264,0.9
1082,807,0.9
1084,651,1.0
1087,1678,1.0
1088,470,0.9
1089,1500,1.0
109,1062,0.9
1090,340,1.0
1091,576,1.0
1092,3064,1.0
1093,622,1.0
1095,3221,1.0
1096,1352,1.0
1097,72,1.0
1098,1770,1.0
1099,511,1.0
110,230,1.0
1100,1404,0.9
1101,1405,1.0
1102,2477,1.0
1103,1785,1.0
1104,337,1.0
1105,3055,1.0
1106,951,0.9
1107,584,1.0
1109,1620,1.0
111,158,1.0
1111,1821,1.0
1112,3571,1.0
1113,1182,1.0
1115,1167,1.0
1116,2116,1.0
1117,1363,1.0
1119,85,1.0
112,1071,1.0
1120,2517,1.0
1121,661,1.0
1122,1129,1.0
1123,933,1.0
1124,1339,1.0
1125,2396,1.0
1126,1221,0.9
1127,754,0.9
1128,1324,1.0
1129,151,1.0
113,2329,0.8
1130,1288,0.9
1132,1694,1.0
1133,2409,1.0
1135,86,1.0
1137,838,0.9
1138,3338,1.0
1139,459,1.0
1140,3044,0.9
1142,153,1.0
1143,1644,1.0
1144,1478,1.0
1145,1440,1.0
1146,2085,0.9
1147,2502,1.0
1148,1538,0.9
115,288,1.0
1150,1666,1.0
1151,2694,1.0
1152,1000,1.0
1154,506,1.0
1155,1041,0.9
1156,1769,1.0
1157,1913,1.0
1159,1431,1.0
116,556,1.0
1160,478,1.0
1161,496,1.0
1162,3620,1.0
1163,3715,0.9
1164,930,1.0
1165,1150,1.0
1166,1650,0.9
1168,1350,1.0
1169,1703,1.0
1170,3966,1.0
1171,143,0.9
1172,2739,1.0
1173,1979,1.0
1174,631,1.0
1175,1419,1.0
1179,393,0.9
118,320,1.0
1181,1075,1.0
1182,1976,1.0
1183,1852,1.0
1184,1450,1.0
1185,2368,0.9
1187,561,1.0
1188,1759,1.0
1189,1800,1.0
119,161,1.0
1191,686,1.0
1192,2547,1.0
1193,1597,1.0
1194,1308,1.0
1195,491,1.0
1196,1081,1.0
1197,176,1.0
1198,652,1.0
12,17,1.0
120,31,0.9
1200,1374,1.0
1202,432,1.0
1203,1009,1.0
1204,3439,1.0
1205,2308,1.0
1206,1564,1.0
1207,519,1.0
1209,1761,1.0
121,1042,1.0
1210,1494,1.0
1213,3537,0.9
1214,3014,1.0
1215,3395,0.8
1217,1088,0.9
1218,1646,1.0
1219,968,1.0
122,2354,1.0
1220,2624,1.0
1221,889,1.0
1222,554,1.0
1223,277,1.0
1224,712,1.0
1225,2147,1.0
1227,1586,1.0
1228,934,1.0
1229,2584,1.0
123,844,1.0
1230,1563,1.0
1231,279,1.0
1232,1942,1.0
1234,1102,1.0
1235,1592,1.0
1236,443,1.0
1237,344,1.0
1238,1322,1.0
1239,1809,1.0
124,2291,1.0
1242,1208,1.0
1243,874,1.0
1244,1112,1.0
1245,409,1.0
1246,3480,1.0
1247,2007,1.0
1248,1319,1.0
1249,1890,1.0
1250,188,1.0
1251,586,1.0
1254,611,0.9
1256,3598,1.0
1257,1585,1.0
126,876,1.0
1260,3578,1.0
1261,2898,1.0
1262,2885,1.0
1263,2104,0.9
1264,1364,1.0
1265,1224,0.9
1266,3021,1.0
1268,2277,1.0
1269,2794,1.0
127,654,1.0
1270,1205,1.0
1271,1635,1.0
1272,1262,1.0
1273,3254,1.0
1274,1900,1.0
1275,2355,1.0
1276,1868,1.0
1277,1155,1.0
1278,3866,1.0
1279,3624,1.0
128,152,1.0
1280,1157,1.0
1281,3220,1.0
1283,1892,1.0
1285,1871,1.0
1286,1975,1.0
1288,929,1.0
1289,3010,1.0
129,271,1.0
1290,803,1.0
1291,1398,0.9
1292,2151,0.9
1293,2436,1.0
1297,3622,1.0
1298,1862,0.9
1299,729,0.9
13,12,1.0
130,174,1.0
1301,3854,1.0
1302,2331,1.0
1303,327,0.9
1304,2339,1.0
1306,360,1.0
1307,670,1.0
1309,2676,1.0
131,108,1.0
1310,1156,1.0
1311,2220,0.9
1312,698,1.0
1313,978,1.0
1314,1484,1.0
1315,2569,1.0
1317,2278,1.0
1319,1335,0.9
132,156,1.0
1320,626,1.0
1321,1458,1.0
1322,330,1.0
1323,2913,1.0
1324,1214,1.0
1326,3826,1.0
1328,970,1.0
1329,3681,1.0
133,461,1.0
1330,2918,1.0
1331,1695,1.0
1332,2159,1.0
1333,2568,0.9
1334,1430,1.0
1335,1126,1.0
1338,278,1.0
1339,1283,1.0
134,667,1.0
1340,2628,1.0
1341,707,1.0
1342,1875,1.0
1343,2028,0.9
1344,1334,1.0
1345,1413,1.0
1346,433,1.0
1347,1361,1.0
1348,2632,1.0
1349,2193,1.0
135,127,0.9
1350,834,0.9
1351,2987,1.0
1352,771,1.0
1353,1509,1.0
1354,292,1.0
1355,1079,1.0
1357,1473,1.0
1358,334,0.9
1359,1241,1.0
136,939,0.9
1362,2068,1.0
1363,1719,0.9
1364,761,1.0
1365,3109,1.0
1369,3572,1.0
137,326,0.9
1370,527,1.0
1372,1699,1.0
1373,2238,1.0
1374,1232,1.0
1375,1757,0.9
1377,1950,1.0
1378,3836,0.9
138,855,1.0
1380,3534,1.0
1382,1281,1.0
1383,1234,1.0
1384,2468,1.0
1385,708,1.0
1386,1358,1.0
1387,1072,0.9
1388,1771,1.0
1389,3749,1.0
1390,1497,1.0
1391,1447,1.0
1392,2041,1.0
1393,1540,1.0
1394,263,1.0
1396,1336,0.9
1398,1810,1.0
1399,3716,0.9
14,18,0.9
1400,971,1.0
1401,2141,1.0
1402,339,0.9
1403,3299,1.0
1404,958,1.0
1406,1055,0.9
1408,974,1.0
1409,3267,1.0
141,125,1.0
1410,1285,1.0
1411,965,1.0
1412,520,1.0
1413,3547,0.9
1415,1589,0.9
1418,1845,0.9
1419,1498,1.0
142,217,0.9
1420,2539,1.0
1421,80,1.0
1423,764,1.0
1425,2005,1.0
1426,2476,1.0
1427,973,1.0
143,665,1.0
1431,1807,1.0
1432,524,1.0
1433,1007,1.0
1434,1693,0.8
1435,444,1.0
1436,1252,1.0
1437,880,1.0
1438,1483,1.0
1439,416,1.0
144,773,1.0
1440,2880,1.0
1441,564,1.0
1442,1169,1.0
1444,2857,1.0
1446,3200,1.0
1447,1534,1.0
1448,2337,1.0
1449,1259,0.713333333333
145,194,1.0
1450,2132,1.0
1451,2268,1.0
1452,760,1.0
1453,1056,1.0
1454,1830,1.0
1455,1961,1.0
1456,1006,0.9
1457,3391,1.0
1458,1642,1.0
1459,1744,0.6
146,159,0.8
1460,1399,1.0
1461,2433,0.9
1462,3360,1.0
1463,2158,1.0
1464,3283,1.0
1466,477,1.0
1468,3016,1.0
1469,2914,1.0
147,659,1.0
1470,685,0.9
1471,841,1.0
1472,2936,1.0
1473,1686,1.0
1475,909,0.9
1477,2214,1.0
1480,1960,1.0
1482,3085,1.0
1483,3258,1.0
1484,2608,1.0
1486,2402,0.9
1487,1746,1.0
1488,3745,1.0
149,219,1.0
1490,1270,1.0
1491,1139,1.0
1492,1607,1.0
1494,590,1.0
1495,3478,1.0
1496,2188,1.0
1497,595,1.0
1498,852,1.0
1499,1839,1.0
15,54,1.0
150,250,1.0
1500,2705,1.0
1502,846,1.0
1503,1924,1.0
1504,2307,1.0
1505,2975,1.0
1507,1939,1.0
1508,747,1.0
1510,378,1.0
1511,3056,1.0
1512,1580,0.9
1514,2785,0.6
1515,2654,1.0
1516,1482,1.0
1519,1784,1.0
152,442,1.0
1522,401,1.0
1523,905,1.0
1524,3029,1.0
1525,1595,1.0
1526,1395,1.0
1527,2209,0.9
1528,539,1.0
153,280,1.0
1530,255,1.0
1531,1876,1.0
1532,1294,1.0
1533,1664,1.0
1536,1215,1.0
1537,2206,1.0
1538,1488,1.0
154,200,1.0
1540,2095,1.0
1541,2830,1.0
1542,2636,1.0
1543,1467,1.0
1544,647,1.0
1546,1279,1.0
1548,3680,0.9
1550,1514,1.0
1552,3051,1.0
1554,2585,1.0
1555,1501,1.0
1556,485,1.0
1557,618,1.0
1558,819,1.0
1559,3018,1.0
156,1204,1.0
1561,2032,1.0
1562,3110,1.0
1563,1822,1.0
1564,3498,1.0
1565,2067,1.0
1567,1031,0.9
1568,935,1.0
1569,1320,1.0
157,744,1.0
1570,2620,1.0
1571,3412,1.0
1573,1348,1.0
1574,2657,1.0
1575,1554,1.0
1576,2010,1.0
1577,2682,1.0
1579,674,1.0
158,794,1.0
1580,1436,1.0
1582,45,1.0
1583,1305,1.0
1584,2075,1.0
1585,1856,1.0
1586,1984,1.0
1588,1243,1.0
1589,202,0.9
159,244,1.0
1590,40,1.0
1591,643,1.0
1593,1428,1.0
1594,1605,1.0
1595,3526,1.0
1596,2086,1.0
1597,3171,1.0
1598,843,0.9
1599,3037,1.0
16,13,0.9
16,81,0.9
1600,1836,1.0
1601,1681,1.0
1602,1411,1.0
1606,2150,1.0
1607,455,1.0
1608,2020,1.0
1609,3087,0.9
161,1638,1.0
1610,1388,1.0
1611,2798,1.0
1612,1799,1.0
1613,2701,1.0
1616,3499,1.0
1617,238,1.0
1619,2616,0.9
162,209,1.0
1621,1434,0.9
1623,2685,1.0
1625,1477,1.0
1627,3827,0.9
1628,1017,1.0
1629,2609,1.0
163,750,1.0
1630,1044,0.9
1631,440,1.0
1636,3246,1.0
1637,3337,0.9
1638,2805,1.0
1639,516,1.0
1641,246,1.0
1642,1400,1.0
1643,2882,0.9
1645,1097,1.0
1646,937,1.0
1648,2266,1.0
1649,548,1.0
1651,1300,1.0
1653,704,1.0
1655,1197,0.9
1656,169,1.0
1657,1515,1.0
1658,923,1.0
166,2855,1.0
1660,2506,1.0
1662,3939,0.9
1665,403,1.0
1666,136,0.9
1667,2129,1.0
1668,2454,1.0
1670,1189,1.0
1671,383,1.0
1672,1449,1.0
1674,1511,1.0
1675,1286,1.0
1676,788,1.0
1677,1496,1.0
1678,1855,1.0
168,493,1.0
1680,3331,0.9
1682,3284,1.0
1683,1755,1.0
1684,2054,0.98
1687,3205,1.0
1688,1683,0.9
169,385,1.0
1690,2287,1.0
1691,3558,1.0
1692,2172,1.0
1693,1541,1.0
1695,2235,1.0
1697,1615,1.0
1698,1647,1.0
17,71,1.0
1700,739,1.0
1701,3768,1.0
1702,1274,0.8
1704,2786,1.0
1707,672,0.8
1708,1911,1.0
171,446,1.0
1710,395,1.0
1713,398,1.0
1716,2949,1.0
1717,2011,1.0
1718,680,1.0
172,269,1.0
1720,3351,1.0
1723,3698,1.0
1724,3146,1.0
1726,719,1.0
1727,768,1.0
1728,636,1.0
1729,1303,1.0
173,1897,0.9
1730,1655,1.0
1731,3303,1.0
1735,2550,1.0
1736,656,1.0
1737,1357,1.0
1738,3717,0.9
1739,1096,1.0
174,132,1.0
1740,2754,1.0
1741,1662,1.0
1742,789,1.0
1744,2490,1.0
1746,1105,1.0
1747,1462,1.0
1749,1918,1.0
1750,1050,0.9
1751,1838,1.0
1752,391,1.0
1753,2093,1.0
1754,2066,1.0
1757,1123,1.0
1758,783,1.0
1759,481,1.0
176,46,1.0
1760,2817,1.0
1761,1825,0.9
1762,1559,1.0
1764,1013,1.0
1765,2873,1.0
177,1181,1.0
1770,1721,1.0
1771,366,1.0
1772,3541,1.0
1773,1758,1.0
1774,1768,1.0
1775,1103,1.0
1776,3024,1.0
1777,1244,1.0
1779,1512,1.0
1781,508,1.0
1783,3975,1.0
1784,603,1.0
1785,3073,1.0
1786,2192,1.0
1787,2542,1.0
1788,1280,1.0
1789,1302,0.9
179,1,1.0
1790,1743,1.0
1791,318,1.0
1792,1645,1.0
1793,2665,1.0
1794,2101,0.9
1795,3153,1.0
1799,2233,1.0
180,124,1.0
1800,1967,1.0
1803,1582,1.0
1805,997,1.0
1806,3103,1.0
1807,3847,1.0
1808,1991,1.0
1809,1448,1.0
181,52,1.0
1810,2202,0.9
1811,400,1.0
1812,1562,1.0
1813,1304,1.0
1814,823,1.0
1815,375,1.0
1816,2301,1.0
182,239,1.0
1820,1301,1.0
1824,540,1.0
1825,2416,1.0
1826,1805,1.0
1827,817,1.0
1829,1003,1.0
183,30,0.9
1831,3470,1.0
1833,1082,1.0
1836,890,1.0
1838,1421,0.7
1840,1048,1.0
1841,1472,0.9
1842,985,1.0
1843,952,1.0
1844,2410,1.0
1847,1779,1.0
1848,1848,1.0
185,430,1.0
1851,3281,1.0
1852,2750,1.0
1853,2625,1.0
1854,308,1.0
1856,1441,1.0
1857,1877,0.9
1858,1093,1.0
1860,3263,1.0
1861,1329,0.9
1862,1870,1.0
1863,1917,1.0
1865,3660,1.0
1866,1466,1.0
1867,2211,1.0
1869,1022,1.0
187,740,1.0
1872,2703,1.0
1873,1369,1.0
1874,3151,1.0
1875,1930,1.0
1877,2135,1.0
1878,1408,1.0
1879,2580,1.0
188,820,1.0
1880,1698,1.0
1881,612,1.0
1882,1295,1.0
1883,617,1.0
1884,3004,1.0
1887,1257,1.0
1889,2566,1.0
1891,756,1.0
1894,2729,0.9
1896,1880,0.9
1897,1282,1.0
1899,1256,1.0
19,1165,1.0
190,236,1.0
1900,2722,1.0
1901,2208,1.0
1902,522,1.0
1903,1220,1.0
1904,582,1.0
1906,2612,1.0
1908,1376,1.0
1909,1199,0.9
191,439,1.0
1910,227,0.9
1911,961,1.0
1912,1349,1.0
1913,3600,1.0
1914,3740,1.0
1916,2145,1.0
1917,1397,1.0
1918,1298,1.0
1919,3164,1.0
192,2073,1.0
1920,1481,1.0
1921,3674,1.0
1922,3390,1.0
1923,2932,1.0
1925,2035,1.0
1926,2715,1.0
1927,185,0.9
1928,1518,1.0
1929,2979,1.0
193,294,1.0
1933,3112,1.0
1934,2340,1.0
1938,1707,1.0
1939,2574,1.0
194,3255,1.0
1942,994,0.9
1947,1061,0.9
1949,2185,1.0
195,207,0.9
1950,2180,1.0
1951,1385,0.9
1954,1776,1.0
1955,2335,1.0
1956,2869,1.0
196,165,1.0
1960,839,1.0
1961,2809,1.0
1962,967,1.0
1963,513,1.0
1964,2839,1.0
1965,1136,1.0
1967,2061,1.0
1968,2060,1.0
197,417,1.0
1970,1340,1.0
1971,3012,1.0
1973,2635,1.0
1975,3066,0.9
1977,538,1.0
1978,3145,1.0
1979,3289,1.0
1981,1570,1.0
1986,3824,1.0
1987,1184,0.9
1988,1864,1.0
1989,2058,1.0
199,987,1.0
1990,3608,1.0
1992,2638,1.0
1993,1542,1.0
1994,3885,1.0
1996,716,1.0
1997,1367,1.0
1999,2489,1.0
2,3612,1.0
20,4,0.9
200,724,1.0
2000,1384,1.0
2003,2467,0.9
2008,1728,1.0
2009,2826,1.0
201,714,1.0
2011,1879,1.0
2013,2617,1.0
2014,1191,1.0
2015,1225,1.0
2017,1343,1.0
2019,1621,1.0
2020,2762,1.0
2022,2514,1.0
2024,2593,1.0
2025,646,1.0
2026,1927,1.0
2027,2139,1.0
2029,3714,0.9
203,463,1.0
2030,2200,1.0
2033,1550,1.0
2034,895,1.0
2036,1366,0.9
2037,2022,1.0
2038,1210,1.0
2039,658,0.9
204,359,1.0
2040,1362,1.0
2041,875,1.0
2042,2615,1.0
2043,445,1.0
2045,2392,1.0
2047,2366,1.0
2049,1612,1.0
2050,2726,1.0
2052,2389,1.0
2053,502,1.0
2056,1888,1.0
2058,2824,1.0
206,369,1.0
2060,2758,1.0
2062,323,1.0
2063,3063,1.0
2064,2465,1.0
2069,2160,1.0
207,309,1.0
2072,2236,1.0
2073,1637,1.0
2074,736,1.0
2075,632,0.9
2076,1414,1.0
2078,1211,1.0
208,437,1.0
2081,1667,1.0
2083,2048,1.0
2084,3314,1.0
2085,260,0.8
2086,1829,1.0
2087,2942,1.0
2088,3957,1.0
209,376,1.0
2090,3561,1.0
2091,2992,1.0
2093,1539,0.9
2095,1653,1.0
2096,3603,1.0
2098,2583,1.0
21,19,0.9
210,578,1.0
2100,2401,1.0
2101,2224,1.0
2102,2812,1.0
2103,2341,1.0
2105,3302,1.0
2106,1883,1.0
2108,2775,1.0
2109,3951,1.0
2110,2742,1.0
2111,3343,1.0
2114,1795,1.0
2117,1860,1.0
2118,3485,1.0
2119,914,1.0
212,60,1.0
2120,3844,1.0
2122,2077,1.0
2123,3727,1.0
2124,1202,1.0
2125,1741,1.0
2127,2954,1.0
2128,1854,0.9
213,649,1.0
2130,1782,1.0
2131,1727,1.0
2133,1239,1.0
2134,957,1.0
2135,2052,1.0
2138,1794,1.0
214,453,1.0
2140,2176,1.0
2141,144,1.0
2142,1158,1.0
2143,3292,1.0
2145,3107,1.0
2147,405,1.0
2148,1140,0.9
2149,2866,1.0
215,2458,1.0
2150,2888,1.0
2151,2646,1.0
2153,3735,1.0
2155,3104,1.0
2156,1711,1.0
2157,3079,1.0
2158,2822,1.0
2159,2353,1.0
216,1111,1.0
2160,3703,1.0
2162,1333,1.0
2163,619,1.0
2164,1553,1.0
2165,2404,0.9
2166,1684,1.0
2167,964,1.0
2169,249,1.0
217,623,1.0
2170,3061,1.0
2171,1433,1.0
2172,634,1.0
2174,2892,1.0
2175,906,1.0
2176,2955,1.0
2178,3101,1.0
2179,1713,1.0
2180,1142,1.0
2181,2828,1.0
2183,1920,1.0
2185,3933,0.9
2186,1796,1.0
2188,1416,1.0
2189,1292,1.0
219,423,1.0
2193,587,1.0
2194,3368,1.0
2196,2800,1.0
2199,1084,1.0
220,816,1.0
2201,1712,1.0
2202,3545,1.0
2203,3025,1.0
2204,3060,1.0
2208,1987,1.0
2209,832,1.0
221,943,1.0
2210,2749,1.0
2212,2879,1.0
2214,605,0.9
2217,3678,1.0
2218,1054,1.0
2219,1183,1.0
222,242,1.0
2220,938,1.0
2221,1293,0.9
2222,790,1.0
2224,2045,1.0
2225,2318,1.0
2227,1027,1.0
223,447,1.0
2230,3709,1.0
2232,1787,1.0
2233,2044,1.0
2236,2102,1.0
2238,88,1.0
224,26,1.0
2242,2861,1.0
2243,2959,1.0
2244,2891,1.0
2245,1820,1.0
2246,1455,1.0
2247,3672,1.0
2249,1532,1.0
225,32,1.0
2251,1816,1.0
2253,1107,0.9
2254,3134,0.9
2258,2849,1.0
226,126,1.0
2260,2034,1.0
2261,2556,1.0
2262,1633,1.0
2263,2989,1.0
2267,2039,1.0
2268,2014,1.0
227,660,1.0
2273,1028,1.0
2275,112,1.0
2276,1634,0.9
2277,1443,0.9
228,203,0.9
2280,1345,0.9
2284,2155,0.9
2285,1772,0.9
2286,1382,1.0
2287,1740,1.0
229,575,1.0
2291,2977,1.0
2296,2140,1.0
2297,2375,1.0
2298,2960,1.0
23,101,1.0
230,89,1.0
2300,1095,1.0
2301,1696,0.9
2303,2773,1.0
2305,2376,1.0
2306,1766,1.0
2309,1969,1.0
2310,2688,1.0
2311,3581,1.0
2313,3422,1.0
2315,3362,1.0
2316,2840,1.0
2318,2042,1.0
232,1379,1.0
2320,3818,0.9
2321,3231,1.0
2322,2000,1.0
2324,2591,1.0
2328,3265,1.0
2329,1577,1.0
233,1024,1.0
2331,1528,1.0
2332,3341,1.0
2333,1630,1.0
2337,2372,0.9
2338,1331,1.0
234,123,1.0
2342,1238,1.0
2343,3162,1.0
2344,2388,0.9
2345,2464,1.0
2347,2379,1.0
235,364,1.0
2350,1985,1.0
2351,3533,1.0
2353,1479,0.9
2354,1742,1.0
2355,1955,1.0
2356,1060,0.9
236,358,1.0
2360,1218,1.0
2361,3648,1.0
2363,1229,1.0
2364,3521,1.0
2365,681,1.0
2367,2764,0.9
237,48,1.0
2371,1798,1.0
2374,2002,1.0
2375,2265,1.0
2378,2996,1.0
2379,2231,1.0
238,368,1.0
2380,3405,1.0
2383,3658,1.0
2384,1908,1.0
2385,1965,1.0
2386,2734,1.0
2389,2051,1.0
239,62,0.9
2390,1679,1.0
2393,597,1.0
2394,1426,0.9
2395,2756,1.0
2399,1480,1.0
24,6,0.9
240,51,1.0
2400,3201,1.0
2401,3469,0.9
2402,2474,1.0
2408,1710,1.0
2409,3372,1.0
241,499,1.0
2411,137,0.666666666667
2414,1506,0.9
2415,3361,1.0
2417,2369,1.0
242,1120,1.0
2421,2706,1.0
2422,726,0.9
2424,3779,1.0
2425,2099,0.8
2426,2985,1.0
2427,1610,1.0
2428,2668,1.0
2429,3122,0.9
243,1401,1.0
2430,3046,1.0
2431,2122,1.0
2433,1313,0.9
2434,720,0.8
2439,2565,1.0
244,1266,1.0
2442,2121,1.0
2443,3207,1.0
2444,2681,1.0
2446,1575,1.0
2447,1600,1.0
2449,796,0.9
245,1881,1.0
2451,2012,1.0
2453,2733,1.0
2454,2570,1.0
2455,3930,1.0
2457,2258,1.0
2458,3161,1.0
2459,2390,1.0
2462,2270,1.0
2465,3067,1.0
2466,2030,1.0
2467,1091,1.0
2468,2282,1.0
2469,3950,1.0
247,355,1.0
2470,3322,1.0
2471,1371,1.0
2472,2965,1.0
2473,3739,1.0
2475,1957,1.0
2476,2461,1.0
2477,1015,1.0
248,624,1.0
2480,1213,1.0
2483,3233,0.9
2484,2463,1.0
2485,1606,1.0
2486,3133,0.9
2487,2736,1.0
249,98,1.0
2491,1039,1.0
2496,3208,1.0
2499,3523,1.0
25,193,0.9
250,545,1.0
2501,2831,1.0
2502,917,0.9
2503,991,1.0
2512,1505,1.0
2514,2910,1.0
2515,2036,0.9
2517,1672,1.0
2518,2047,1.0
2519,2816,1.0
252,189,1.0
2520,873,1.0
2521,2406,1.0
2522,2920,1.0
2523,3111,1.0
2524,2835,0.9
2526,1861,1.0
2528,2666,1.0
2529,3530,1.0
253,422,0.9
2530,1545,1.0
2533,1894,1.0
2534,662,1.0
2536,412,1.0
2538,1403,0.9
2539,2999,1.0
254,457,0.9
2540,1033,1.0
2542,2137,1.0
2543,2089,1.0
2544,2472,0.9
2545,1604,1.0
2546,633,1.0
2548,1966,1.0
2549,1552,1.0
255,259,1.0
2551,3706,1.0
2552,2217,1.0
2553,1952,1.0
2554,1520,1.0
2555,1934,1.0
2556,2105,1.0
2558,1885,1.0
2559,886,1.0
2560,2055,0.9
2562,2344,0.9
2563,1342,1.0
2565,3126,1.0
257,669,0.9
2570,2643,0.9
2571,1608,0.9
2572,2381,1.0
2573,3569,1.0
2577,264,1.0
258,103,1.0
2581,1916,0.9
2582,1521,1.0
2583,3869,1.0
2584,2755,1.0
2586,1049,1.0
2587,2510,1.0
2589,900,1.0
259,638,1.0
2590,887,1.0
2594,2825,1.0
2596,1700,1.0
2598,568,0.9
260,261,1.0
2605,1773,1.0
2606,3081,1.0
2607,2702,1.0
2608,2363,1.0
2609,1996,0.9
261,825,1.0
2610,1895,1.0
2611,1670,0.9
2613,2065,1.0
2617,3453,1.0
2618,2315,1.0
262,167,0.9
2620,1801,1.0
2621,2146,1.0
2625,1931,1.0
263,122,0.9
2631,1535,1.0
2633,2485,1.0
2635,1964,1.0
2637,2924,1.0
2638,1674,1.0
2639,925,1.0
264,684,1.0
2640,1317,1.0
2642,3000,1.0
2643,2247,1.0
2644,3261,1.0
2646,2423,1.0
265,581,1.0
2653,2896,1.0
2657,3095,1.0
2658,3277,1.0
266,64,1.0
2660,2031,1.0
2661,1251,1.0
2663,2581,1.0
2664,3504,1.0
2666,2721,1.0
2669,2689,0.9
267,211,1.0
2670,1826,1.0
2672,1051,1.0
2675,2614,1.0
2677,3225,1.0
268,157,1.0
2680,1618,0.9
2681,780,0.9
2683,2575,1.0
2684,1833,0.9
2687,3899,1.0
2689,1464,1.0
269,1346,1.0
2690,2768,1.0
2698,2906,1.0
27,78,1.0
270,162,0.9
2701,3158,1.0
2702,3008,1.0
2704,3702,0.9
2705,2944,1.0
2706,3186,1.0
2707,3414,0.9
2708,3495,0.9
271,232,1.0
2711,2647,0.9
2713,1035,1.0
2714,3639,1.0
2717,3001,1.0
272,571,0.9
2720,1959,1.0
2722,2201,1.0
2723,1118,1.0
2725,3851,1.0
2726,907,1.0
2727,1565,1.0
2729,1275,1.0
273,1656,0.7
2730,2025,1.0
2731,1617,1.0
2733,2033,1.0
2737,1745,0.9
2738,1161,1.0
274,121,1.0
2741,867,1.0
2743,2512,1.0
2744,3253,1.0
2745,1383,1.0
2746,1066,1.0
2748,2136,1.0
275,562,1.0
2750,2707,1.0
2751,2187,1.0
2753,3812,0.9
2754,1240,0.9
2759,3607,1.0
276,960,1.0
2760,2939,1.0
2761,1936,1.0
2764,1064,1.0
2765,1652,1.0
2767,2540,1.0
2769,2577,0.9
2770,2149,1.0
2771,3654,0.9
2773,1619,1.0
2774,3432,1.0
2775,3310,1.0
2778,1944,1.0
2779,2836,1.0
278,570,0.9
2781,2296,1.0
2785,1344,1.0
2786,2925,0.9
279,1380,1.0
2792,2008,1.0
2793,1059,1.0
2795,1177,0.9
2797,924,1.0
28,11,1.0
2801,1611,1.0
2802,2078,1.0
2803,1842,1.0
2805,2934,1.0
2806,982,1.0
2811,1654,1.0
2812,2091,1.0
2813,1598,1.0
2815,2732,1.0
2816,3701,1.0
2817,620,1.0
2818,1247,1.0
282,484,1.0
2820,3964,1.0
2821,2017,1.0
2822,3743,1.0
2824,3378,0.9
2826,1995,0.9
2827,1583,1.0
283,871,1.0
2830,2554,1.0
2832,1651,0.9
2833,2264,1.0
2834,2782,0.9
2838,821,1.0
2839,3438,1.0
2841,3729,1.0
2842,2687,1.0
2843,3817,1.0
2844,3443,0.9
2845,1273,1.0
2847,1588,1.0
2849,2889,0.9
285,92,1.0
2850,2049,1.0
2852,2526,1.0
2855,919,0.7
2856,1267,0.9
2858,869,1.0
286,833,0.9
2860,2963,1.0
2861,3711,1.0
2863,3436,1.0
2867,3026,1.0
2868,1622,0.9
287,441,1.0
2873,1569,1.0
2874,2931,1.0
2875,3650,1.0
2876,911,1.0
2877,3588,1.0
2878,1486,0.9
2879,1499,1.0
288,727,0.9
2885,3712,1.0
2887,1982,0.9
2889,1624,1.0
289,370,1.0
2890,863,0.9
2892,1956,1.0
2893,2935,1.0
2897,600,0.9
2898,1752,1.0
2899,2063,1.0
29,10,1.0
290,1115,0.9
2900,3264,1.0
2902,3176,1.0
2904,2479,1.0
2906,3227,1.0
2907,3397,0.9
2908,2182,1.0
291,172,1.0
2910,3034,1.0
2911,2807,1.0
2912,2844,0.9
2913,2552,0.9
2918,3121,1.0
2919,2352,1.0
292,1544,1.0
2921,2334,1.0
2922,2894,1.0
2924,3627,0.9
2926,3456,1.0
2927,1762,1.0
2928,3437,1.0
293,988,0.9
2930,2418,1.0
2931,2430,1.0
2935,2527,1.0
2937,2761,1.0
2939,2249,0.9
294,1021,1.0
2940,2168,0.9
2941,2637,1.0
2944,3057,1.0
2947,2740,1.0
2948,2511,1.0
2949,3199,1.0
295,44,1.0
2950,1417,1.0
2952,3811,1.0
2953,2232,1.0
2955,2475,1.0
2957,2986,0.9
2958,1200,1.0
296,411,1.0
2960,3179,1.0
2961,1629,1.0
2962,2691,0.9
2965,3914,0.9
2966,1153,1.0
2967,3020,1.0
2969,2394,1.0
2970,1530,1.0
2975,2205,1.0
2976,2013,1.0
2980,2735,1.0
2983,1312,0.966666666667
2984,2504,1.0
2986,2370,1.0
2988,2923,1.0
299,532,1.0
2993,3992,1.0
2995,2212,0.9
2996,2297,1.0
3,2006,0.9
30,3430,1.0
3000,338,1.0
3003,3642,1.0
3004,2813,1.0
3005,1962,1.0
3013,2711,1.0
3014,2473,1.0
302,91,0.9
3020,3876,1.0
3022,2226,1.0
3024,784,1.0
3025,1154,1.0
3028,3011,1.0
3031,2630,1.0
3035,2717,0.9
3036,1432,1.0
3039,3144,1.0
3040,3154,1.0
3041,2557,1.0
3042,3005,1.0
3044,2994,1.0
305,1556,1.0
3051,3238,1.0
3054,2426,1.0
306,237,1.0
3061,1306,0.9
3063,2788,1.0
3065,2837,1.0
3069,1002,1.0
307,2456,0.9
3070,388,0.9
3071,1602,1.0
3073,2590,1.0
3075,3647,1.0
3077,2532,0.9
308,910,1.0
3080,3542,1.0
3081,713,1.0
3089,2783,0.9
3091,2314,1.0
3093,1791,1.0
3094,1665,1.0
3098,3613,1.0
31,413,1.0
310,547,1.0
3101,3551,1.0
3105,2890,1.0
311,57,0.9
3114,1891,1.0
3115,678,1.0
3119,3295,1.0
312,1277,0.9
3122,3327,1.0
3124,2655,0.9
3129,2222,1.0
3130,1915,1.0
3132,2862,1.0
314,715,1.0
3143,1212,1.0
3145,2469,1.0
3146,2306,1.0
3148,2081,1.0
315,1427,1.0
3150,3359,1.0
3151,3042,1.0
3153,3380,1.0
3156,3724,1.0
3163,3404,1.0
3166,3733,1.0
3167,3900,1.0
317,767,1.0
3173,3115,1.0
3174,3398,1.0
3177,1668,0.9
318,387,0.9
3183,2618,0.9
3184,2113,1.0
3186,2852,1.0
3187,1886,0.9
3189,1946,1.0
319,234,1.0
3190,2144,0.9
3191,2843,1.0
3194,3333,1.0
3195,3312,1.0
3197,2400,1.0
3198,2323,0.9
3201,3585,0.8
3204,2026,1.0
3205,1702,1.0
3206,824,1.0
3207,927,0.98
3208,1547,0.9
321,1076,1.0
3210,1373,1.0
3212,3123,1.0
3213,901,1.0
3214,3472,0.9
3221,3496,1.0
323,325,1.0
3230,2242,0.9
3233,1568,1.0
3235,1442,1.0
3239,2827,1.0
3246,2626,0.9
3248,1135,1.0
325,386,1.0
3250,3047,1.0
3252,3451,1.0
3255,2594,1.0
3256,2336,1.0
3258,3611,1.0
326,537,1.0
3260,1804,1.0
3261,2865,1.0
3263,3328,1.0
3264,1337,1.0
3267,3584,1.0
3268,1981,0.7
327,782,1.0
3271,610,1.0
3272,1206,1.0
3275,2203,0.9
3276,3852,1.0
3277,3023,1.0
3278,2868,1.0
3279,2917,0.9
328,190,0.9
3284,1391,1.0
3285,2412,1.0
3288,1639,1.0
329,2519,1.0
3296,1818,1.0
3297,231,1.0
3299,2572,1.0
33,154,0.9
330,1953,1.0
3300,921,1.0
3304,1692,1.0
3306,1435,1.0
3308,3843,1.0
331,216,1.0
3310,2818,1.0
3311,2221,1.0
3313,2163,1.0
3314,1817,1.0
3318,2169,1.0
3319,2451,1.0
332,918,1.0
3320,3529,1.0
3321,3821,1.0
3325,2070,1.0
3326,3195,1.0
333,267,1.0
3330,1832,0.9
3331,2763,1.0
3334,1236,0.9
3336,2743,0.9
334,555,0.9
3342,2619,1.0
3343,2538,0.9
3345,2237,1.0
3348,1997,1.0
3349,3808,1.0
335,225,1.0
3350,1872,1.0
3352,3605,1.0
3353,2571,1.0
3359,2166,1.0
336,434,1.0
3360,2244,0.9
3361,3748,1.0
3366,3077,1.0
3368,1680,0.9
337,972,1.0
3373,2184,1.0
3374,2299,1.0
3378,2138,1.0
3379,2186,1.0
3380,3120,1.0
3381,1704,1.0
3382,3124,1.0
3383,3388,1.0
3384,3991,1.0
3385,2656,1.0
3387,854,0.96
339,3139,1.0
3391,3626,1.0
3393,529,1.0
3394,3643,1.0
3395,738,1.0
3397,1948,0.9
3398,2492,1.0
3399,2633,1.0
34,36,1.0
340,90,1.0
3404,3917,0.9
3409,3211,1.0
341,614,1.0
3410,3491,0.9
3412,1649,1.0
3413,2697,1.0
3416,3248,1.0
342,1278,1.0
3420,1958,1.0
3422,115,0.9
3424,1673,0.95
3427,3260,1.0
3428,2092,1.0
3429,251,1.0
343,800,0.9
3430,2316,1.0
3432,3777,1.0
3433,2263,1.0
3435,3098,1.0
3436,2592,1.0
3437,979,1.0
344,1688,1.0
3445,1716,0.9
3446,3339,1.0
3449,3311,1.0
345,41,0.9
3451,1903,1.0
3452,2084,1.0
3455,3273,1.0
3456,3092,1.0
346,860,1.0
3466,2881,1.0
347,723,1.0
3470,3834,0.7
3471,3294,1.0
3474,2912,1.0
3476,2309,1.0
3479,1104,1.0
348,596,1.0
3480,2599,0.8
3481,2350,1.0
3486,1561,1.0
3487,1572,1.0
3489,1626,1.0
349,37,0.9
3493,1899,1.0
3494,1874,1.0
35,74,1.0
350,731,1.0
3500,1493,1.0
3501,2074,1.0
3502,2771,1.0
3503,2629,1.0
3504,2859,0.8
3507,3330,0.9
351,591,1.0
3511,1487,1.0
3521,1814,1.0
3526,2714,0.9
3528,1682,0.9
3532,3190,1.0
3533,2864,1.0
3537,2677,1.0
3538,3194,1.0
3539,2978,0.9
354,2804,1.0
355,452,1.0
3550,2171,1.0
3553,1446,1.0
3557,3742,1.0
356,572,1.0
3564,1203,1.0
3569,2428,0.9
3573,2347,1.0
3574,2990,0.9
3575,1114,1.0
3578,1717,1.0
358,518,1.0
3581,3767,1.0
3583,3315,1.0
3584,3129,1.0
3587,1046,1.0
3589,2482,1.0
359,565,1.0
3590,3788,0.9
3591,3675,1.0
3593,3816,1.0
3595,3389,1.0
3596,3080,1.0
3598,1893,1.0
36,102,0.9
360,1230,1.0
3601,3515,1.0
3602,3400,1.0
3604,2261,1.0
3606,1999,1.0
3607,2692,1.0
3608,1789,1.0
361,296,1.0
3616,3955,1.0
3617,1896,1.0
3619,2980,1.0
3620,3189,1.0
3625,2940,1.0
3626,2016,1.0
363,399,0.9
3630,3072,1.0
3633,1253,0.9
3636,2648,1.0
3639,2995,1.0
364,1508,1.0
3641,2562,1.0
3644,3566,1.0
3648,2259,0.9
365,181,1.0
3650,3809,1.0
3653,3348,1.0
3655,2243,1.0
3669,1736,1.0
367,1233,1.0
3672,465,1.0
3674,3574,1.0
3675,3467,1.0
3678,3925,1.0
368,427,1.0
3686,3973,1.0
3688,2915,1.0
369,258,1.0
3691,2774,1.0
3692,2126,1.0
3693,2228,0.9
3696,2292,0.9
3698,2810,1.0
37,2998,1.0
370,438,1.0
3706,3475,1.0
3707,3462,1.0
3709,3028,1.0
371,226,1.0
3710,2053,0.9
3715,3576,1.0
3716,2281,1.0
3717,3409,1.0
3718,2779,0.9
372,1470,1.0
3720,1098,0.8
3724,3342,1.0
3727,2927,0.9
3729,2280,1.0
3730,2811,0.9
3731,3905,1.0
3739,1063,1.0
374,111,1.0
3740,3282,1.0
3742,3879,1.0
3747,3794,1.0
3748,1858,1.0
375,2578,1.0
3750,3785,1.0
3751,3897,1.0
3756,3015,1.0
3758,2679,1.0
376,810,1.0
3762,3667,1.0
3763,1980,1.0
3769,3454,1.0
3770,3535,0.9
3773,1631,1.0
3779,3916,1.0
378,1089,0.9
3780,303,0.8
3781,50,0.9
3784,3747,0.9
3785,2313,1.0
3789,2432,1.0
379,1086,1.0
3791,3276,1.0
3794,3882,1.0
3797,1628,1.0
3799,2751,1.0
38,142,1.0
380,1797,0.9
3800,2878,0.9
3804,3517,1.0
3809,2710,1.0
3810,3987,1.0
3811,2607,1.0
3815,3117,1.0
3817,3290,1.0
3818,959,1.0
3824,2286,1.0
383,515,1.0
3831,3579,1.0
3834,3531,1.0
3841,1536,1.0
385,379,1.0
3851,2838,1.0
3857,3215,1.0
3859,3039,1.0
386,120,0.9
3864,1873,1.0
387,1338,1.0
3876,2177,0.9
3879,2018,1.0
388,673,1.0
3882,2321,1.0
3886,3460,0.9
3887,1970,1.0
3888,2929,0.9
389,551,1.0
3890,3813,0.9
3892,2348,1.0
3893,2143,1.0
3895,3862,1.0
39,201,0.9
390,357,1.0
3906,3666,0.521666666667
3909,1813,1.0
391,1456,1.0
3915,2545,1.0
392,192,1.0
3920,2860,1.0
3922,3169,1.0
393,168,1.0
3932,2867,1.0
394,629,1.0
3943,2303,1.0
3944,1705,0.9
3946,1474,0.9
3947,3693,1.0
395,1790,1.0
3950,2455,1.0
3955,3452,1.0
396,487,1.0
3961,1549,1.0
3962,3990,0.8
3968,2096,1.0
397,990,1.0
3975,2371,1.0
398,812,0.9
3985,2543,1.0
399,3935,0.9
3992,3849,1.0
3993,2015,0.9
3994,3599,1.0
3997,2362,1.0
3998,3428,1.0
4,14,1.0
40,281,1.0
400,456,1.0
4001,2671,1.0
4003,2164,1.0
4007,3083,1.0
401,312,1.0
4010,2038,1.0
4011,3274,0.9
4019,842,1.0
402,1389,1.0
4023,3490,1.0
4024,3549,1.0
4026,2787,1.0
4027,3132,1.0
403,345,1.0
4034,1926,1.0
4037,3687,1.0
4038,3803,1.0
4039,2118,1.0
404,331,1.0
4041,3552,1.0
4045,3035,1.0
4049,1783,0.9
405,2100,0.9
4050,1935,1.0
4052,2765,0.9
4055,2680,1.0
4057,1749,1.0
4058,2360,1.0
4060,2486,1.0
4065,2288,0.9
4069,2778,1.0
407,197,1.0
4071,1245,1.0
4079,2842,1.0
408,2524,1.0
4085,3285,1.0
409,384,1.0
4092,2128,0.9
4095,1734,1.0
4096,1625,1.0
41,61,1.0
410,1326,1.0
4102,3070,1.0
4107,2167,1.0
4115,3867,1.0
4116,3518,1.0
412,84,1.0
4125,1723,1.0
4126,2251,1.0
4127,2493,1.0
4129,2962,0.9
413,316,1.0
4132,3525,1.0
4139,3384,0.9
4146,3128,1.0
4147,2928,0.9
4148,1176,0.9
4149,3538,1.0
415,1309,1.0
4153,3532,1.0
4154,2663,1.0
4159,1738,0.9
4165,3374,1.0
417,1128,1.0
4170,3222,1.0
4172,2537,1.0
4173,1439,0.9
4179,3568,1.0
418,742,1.0
4180,635,1.0
4182,3266,1.0
4186,1533,1.0
4189,2274,0.9
419,1513,1.0
4191,3218,1.0
4195,3191,1.0
42,116,1.0
420,608,1.0
4201,3003,1.0
421,177,1.0
4210,1718,1.0
4217,3335,1.0
422,2107,1.0
4224,3774,1.0
423,601,0.9
4238,3442,1.0
4239,2719,1.0
424,324,0.9
4242,3969,0.9
425,512,1.0
4250,2964,1.0
4254,2178,1.0
4256,2408,1.0
4259,2289,1.0
426,830,0.9
427,66,1.0
4279,1143,0.9
428,314,1.0
4280,2223,1.0
4281,1912,1.0
4282,2127,1.0
4284,2497,1.0
4288,3393,0.9
4289,2667,1.0
429,266,1.0
4290,3889,1.0
4291,2595,0.9
43,163,1.0
430,1065,1.0
4302,977,1.0
4308,3700,1.0
4309,2487,0.98
431,298,1.0
4310,3142,1.0
4311,3883,1.0
4318,3449,0.9
432,119,1.0
4323,928,1.0
4325,3757,1.0
433,215,1.0
4330,2983,1.0
4331,3316,1.0
4339,3721,1.0
434,644,1.0
4340,3150,1.0
4345,2674,1.0
4346,2420,1.0
435,627,1.0
4350,2326,1.0
4353,3252,1.0
4365,3243,1.0
437,419,1.0
4371,2342,1.0
438,371,1.0
4381,504,1.0
439,966,1.0
4390,3665,1.0
4392,2088,1.0
4393,2441,1.0
4396,753,0.9
4397,1584,0.9
44,425,0.9
440,2115,1.0
4401,3477,0.9
4403,3219,1.0
4405,3875,0.9
441,332,1.0
4410,3074,1.0
4418,3256,0.9
442,775,1.0
4421,2528,1.0
4427,2883,1.0
4428,3090,1.0
443,1310,1.0
4430,3927,1.0
4432,3750,1.0
4437,2302,1.0
444,1444,1.0
4440,2079,0.6
4446,1853,1.0
4448,3823,1.0
445,329,1.0
4452,2198,1.0
4458,2829,1.0
4464,3528,0.6
4465,2501,1.0
4466,2357,0.9
447,297,0.9
4470,544,1.0
4479,2417,1.0
448,1775,0.9
4482,2518,1.0
4485,2240,1.0
4487,2887,0.9
4491,1159,1.0
4492,3908,0.9
450,426,1.0
451,389,1.0
4517,1837,1.0
4520,3684,1.0
4521,3301,1.0
4522,3859,1.0
4523,1689,1.0
4527,3720,1.0
453,1149,0.9
4530,3234,0.9
4533,3982,0.9
4534,2199,1.0
4535,1907,0.9
4539,2801,0.9
454,175,1.0
4543,2021,1.0
4544,3887,1.0
4545,1978,1.0
4548,2275,1.0
4559,2373,1.0
456,287,1.0
4560,3173,1.0
4566,3931,1.0
457,1008,1.0
4572,1724,1.0
4573,3461,1.0
458,191,1.0
4580,3230,1.0
4581,3512,1.0
4582,2972,0.9
459,262,1.0
46,336,1.0
460,1748,0.9
4602,2766,1.0
4609,3096,1.0
461,1475,1.0
462,304,1.0
463,408,1.0
4635,2796,1.0
4637,2429,1.0
464,311,1.0
4640,2851,1.0
4641,3275,1.0
4645,3336,0.9
4647,3632,0.9
465,735,1.0
4652,3184,0.9
4654,2815,0.9
4658,3417,1.0
4659,3411,1.0
466,666,1.0
4662,2094,1.0
4665,3501,1.0
4669,3536,1.0
4672,3960,1.0
4674,3708,1.0
468,322,1.0
4688,3408,0.9
469,479,0.9
4692,2658,1.0
4704,2968,1.0
4709,2969,1.0
4718,2024,1.0
472,706,1.0
4723,1386,1.0
4728,3970,1.0
473,637,1.0
4732,2422,1.0
4739,77,0.9
474,1014,1.0
4742,2876,1.0
4743,1454,1.0
4746,3589,1.0
4747,3262,1.0
475,1524,0.9
4752,2071,1.0
4756,3356,1.0
4759,1812,1.0
476,180,1.0
477,1722,1.0
478,1133,0.9
4786,2459,1.0
479,1546,1.0
4791,3544,1.0
48,49,1.0
480,850,0.8
4805,2863,1.0
481,1314,1.0
4819,3595,1.0
482,641,1.0
4820,3375,1.0
4821,3565,0.9
4825,992,1.0
483,1859,1.0
4832,3482,1.0
4834,3996,1.0
484,341,1.0
4842,3752,1.0
4843,2684,1.0
4844,1576,1.0
4845,3178,1.0
4848,2009,1.0
485,109,1.0
4852,2908,0.9
4853,3580,1.0
4858,2515,1.0
486,1040,1.0
4861,3814,1.0
4862,3685,1.0
4868,2601,0.61
487,404,1.0
4873,2795,0.9
488,1453,1.0
489,291,1.0
4897,2414,1.0
49,24,1.0
490,347,1.0
4901,2393,1.0
4902,1780,1.0
4907,3418,1.0
491,139,1.0
4912,2496,1.0
4915,2845,1.0
492,128,1.0
4925,2966,1.0
4929,2466,1.0
493,475,1.0
4933,2460,1.0
4934,2644,1.0
4936,2991,1.0
494,1878,1.0
4942,3920,1.0
4946,1476,1.0
495,866,1.0
4954,2961,0.9
4955,3027,1.0
4965,3807,1.0
497,746,1.0
4973,1503,1.0
4975,3152,1.0
498,683,1.0
4984,3484,1.0
4986,1145,0.8
4989,2973,1.0
499,878,1.0
4990,1207,1.0
4996,2877,1.0
500,523,1.0
501,118,1.0
503,454,1.0
504,140,1.0
505,414,1.0
506,898,1.0
507,363,0.9
508,872,1.0
509,241,1.0
51,186,1.0
510,272,1.0
513,2415,1.0
514,3346,1.0
515,1100,1.0
516,616,1.0
517,87,0.9
518,942,0.9
519,2603,1.0
52,47,0.7
520,1185,0.9
522,703,1.0
523,743,1.0
526,1020,1.0
527,488,1.0
528,104,1.0
529,295,1.0
53,53,0.9
530,184,1.0
531,668,0.9
532,671,1.0
533,1392,1.0
534,507,0.9
535,993,1.0
536,248,1.0
538,431,1.0
539,543,1.0
540,220,1.0
541,1922,1.0
542,1409,1.0
543,222,1.0
544,195,1.0
546,583,1.0
548,284,1.0
55,149,1.0
550,1038,1.0
551,853,1.0
552,983,1.0
553,677,1.0
554,307,0.9
555,354,1.0
556,602,1.0
557,536,1.0
558,737,1.0
559,1627,1.0
56,75,1.0
562,150,1.0
563,1231,1.0
564,2361,1.0
565,107,1.0
566,2254,1.0
567,1523,1.0
568,290,1.0
57,293,0.9
571,559,1.0
572,1269,1.0
573,1125,0.9
574,2189,1.0
575,1356,1.0
577,791,1.0
578,615,1.0
579,289,1.0
581,1675,1.0
582,989,0.9
583,1720,1.0
584,709,1.0
585,472,1.0
587,1465,1.0
589,473,1.0
590,606,1.0
591,765,1.0
593,786,1.0
594,1360,1.0
595,628,1.0
596,574,1.0
597,155,1.0
598,870,0.9
599,257,1.0
6,16,0.9
600,1884,1.0
601,1258,1.0
602,751,1.0
603,1113,1.0
604,1248,1.0
605,1134,1.0
607,607,1.0
608,380,1.0
609,3625,1.0
61,3656,1.0
610,2173,1.0
611,1351,1.0
612,415,0.9
613,1101,1.0
615,509,1.0
616,273,0.9
618,1036,1.0
619,223,0.9
62,21,1.0
620,1490,0.9
621,305,0.9
622,691,1.0
623,954,0.9
624,1194,1.0
625,949,1.0
626,808,0.86
627,505,1.0
629,2253,1.0
63,34,1.0
630,29,1.0
633,421,1.0
634,847,1.0
636,374,1.0
637,42,1.0
639,1594,1.0
64,110,1.0
640,3279,1.0
641,1074,1.0
642,3116,0.9
643,2443,1.0
644,146,1.0
645,100,1.0
646,799,1.0
647,2170,1.0
648,83,1.0
649,534,1.0
65,79,1.0
650,1709,1.0
651,1354,1.0
653,3713,1.0
654,3019,0.9
655,1005,1.0
656,1030,1.0
658,798,1.0
659,210,1.0
66,130,0.9
661,2535,1.0
662,451,1.0
663,275,0.9
664,1193,0.9
666,1067,1.0
668,984,1.0
671,2895,1.0
672,460,1.0
673,59,1.0
674,969,0.9
677,883,1.0
678,541,1.0
679,2142,1.0
681,766,0.9
682,894,1.0
683,1166,1.0
685,106,1.0
686,1130,1.0
687,546,1.0
689,428,1.0
69,435,1.0
690,1989,1.0
691,166,1.0
693,856,0.9
694,353,1.0
695,594,1.0
697,1106,1.0
698,2332,1.0
699,999,1.0
7,20,0.9
70,27,1.0
700,1381,0.9
701,178,1.0
702,2820,0.9
703,1690,1.0
704,70,1.0
705,1410,1.0
706,373,1.0
707,99,1.0
708,1412,1.0
709,2403,1.0
71,392,1.0
711,858,1.0
712,566,1.0
713,97,1.0
714,1623,0.9
715,550,1.0
716,642,1.0
719,196,0.9
72,179,1.0
720,43,1.0
722,2424,1.0
723,402,1.0
724,1418,1.0
725,2234,1.0
726,947,1.0
727,1132,1.0
728,1255,1.0
73,1138,1.0
730,2004,1.0
731,321,1.0
732,319,1.0
733,1289,0.9
734,1187,1.0
736,367,0.9
737,2588,1.0
739,1517,1.0
74,1725,0.9
741,805,1.0
742,948,0.9
743,2064,1.0
744,749,1.0
745,2993,1.0
746,286,1.0
747,1573,1.0
748,2579,1.0
75,365,1.0
750,462,1.0
751,448,1.0
752,897,1.0
753,675,1.0
754,931,1.0
755,213,1.0
757,38,1.0
758,1387,1.0
759,2328,1.0
76,28,1.0
760,240,0.9
762,1316,1.0
763,256,1.0
766,1815,1.0
767,552,1.0
768,1904,1.0
769,483,1.0
77,164,1.0
771,2953,1.0
772,170,1.0
773,1735,0.9
774,1844,1.0
775,350,1.0
776,245,1.0
777,105,1.0
778,1069,1.0
779,1889,1.0
78,390,1.0
780,1522,1.0
781,147,1.0
783,857,0.9
784,1516,1.0
785,1137,1.0
786,1452,1.0
787,588,0.9
789,145,1.0
791,1767,1.0
793,2564,1.0
794,1261,1.0
797,2083,1.0
799,1526,1.0
8,3,1.0
800,2273,1.0
801,1099,0.9
802,955,1.0
803,2642,1.0
804,1025,1.0
805,1857,1.0
806,956,1.0
807,770,1.0
808,317,0.9
809,328,1.0
811,486,1.0
812,2753,1.0
813,1179,1.0
814,1011,1.0
815,818,0.9
816,349,0.9
817,831,1.0
818,1223,1.0
819,113,1.0
82,73,1.0
820,836,1.0
821,1186,1.0
822,1370,1.0
824,592,1.0
826,1485,1.0
827,1299,1.0
828,2712,1.0
829,1359,0.9
83,68,1.0
832,1824,1.0
833,655,1.0
834,2124,1.0
835,1747,1.0
836,1057,1.0
837,517,0.966666666667
838,171,1.0
839,1254,0.9
84,9,1.0
840,1827,1.0
841,815,1.0
843,809,1.0
844,1949,1.0
845,806,1.0
846,1691,1.0
847,1108,1.0
85,381,1.0
850,1461,1.0
851,254,1.0
852,1841,1.0
853,468,0.9
854,396,1.0
855,467,1.0
856,1237,1.0
857,471,1.0
858,276,1.0
859,397,1.0
86,135,1.0
860,494,1.0
862,868,1.0
863,361,1.0
864,521,1.0
865,1260,0.9
866,2043,0.9
868,650,1.0
869,1648,0.9
87,117,1.0
870,1070,1.0
871,2216,1.0
872,774,0.9
873,613,1.0
874,941,1.0
875,1567,0.9
876,1163,1.0
877,301,1.0
878,464,1.0
879,862,1.0
88,779,1.0
880,689,1.0
882,1764,1.0
883,1811,1.0
884,1263,1.0
885,212,1.0
886,187,1.0
887,351,1.0
889,1077,1.0
890,936,0.9
891,1808,1.0
893,3922,1.0
894,228,1.0
895,1468,1.0
896,3500,1.0
897,1152,1.0
898,1697,1.0
899,2245,1.0
9,148,1.0
900,206,1.0
901,757,1.0
902,3236,1.0
903,233,1.0
904,2131,1.0
905,840,0.8
906,2106,1.0
907,593,1.0
908,804,1.0
909,1162,0.9
910,2204,1.0
912,3458,1.0
913,208,1.0
914,243,1.0
915,1407,1.0
916,133,1.0
918,497,1.0
919,745,1.0
920,567,0.9
921,1090,1.0
922,1641,1.0
924,410,1.0
925,1613,0.9
926,3045,1.0
927,1471,1.0
928,759,1.0
929,138,1.0
931,3508,0.98
932,1325,0.9
933,1469,1.0
934,131,1.0
935,55,1.0
936,752,1.0
937,1685,1.0
938,1268,1.0
939,2157,1.0
94,235,0.9
940,2452,1.0
941,2183,1.0
943,733,1.0
944,950,1.0
945,382,1.0
946,1938,1.0
947,495,1.0
948,1192,1.0
95,93,1.0
951,2598,1.0
952,899,1.0
953,1977,1.0
954,1144,1.0
955,2946,1.0
956,76,1.0
957,1866,1.0
959,755,1.0
96,114,1.0
960,700,1.0
961,2312,1.0
962,2503,1.0
964,199,1.0
967,1636,1.0
968,896,1.0
97,1429,1.0
970,1390,1.0
971,356,1.0
972,1180,1.0
974,429,1.0
976,1217,1.0
978,980,0.9
979,702,1.0
98,2462,1.0
980,372,1.0
981,1460,1.0
983,3291,1.0
984,2367,1.0
986,1119,1.0
987,3091,1.0
989,1078,1.0
99,129,1.0
991,214,1.0
992,1828,1.0
993,1402,1.0
994,776,1.0
995,134,1.0
996,1658,1.0
997,2438,1.0
998,229,0.9
999,777,1.0
